100  249
18      61
61      64
64      21
21      62
62      58
58      88
88      6
6      90
90      24
24      47
47      31
31      91
91      71
71      52
52      12
12      46
46      99
99      53
53      36
36      96
96      78
78      59
59      97
97      10
10      4
4      23
23      94
94      100
100      30
30      27
27      7
7      51
51      77
77      76
76      74
74      13
13      16
16      56
56      43
43      38
38      89
89      57
57      69
69      19
19      75
75      98
98      82
82      29
29      50
50      84
84      1
1      40
40      11
11      83
83      68
68      17
17      32
32      39
39      86
86      22
22      8
8      87
87      34
34      2
2      5
5      14
14      60
60      79
79      28
28      72
72      66
66      41
41      70
70      25
25      92
92      63
63      3
3      80
80      26
26      20
20      65
65      81
81      9
9      49
49      45
45      55
55      67
67      48
48      15
15      33
33      37
37      35
35      54
54      42
42      73
73      95
95      85
85      93
93      44
25      44
51      18
51      87
57      87
57      81
5      81
5      95
19      25
19      63
48      63
48      2
19      2
95      4
66      4
39      66
38      39
75      38
39      19
11      75
39      21
11      66
17      66
17      16
85      21
85      57
57      75
28      16
75      61
61      63
42      63
28      41
41      33
33      31
42      38
55      38
31      77
96      77
31      55
31      53
87      96
53      92
51      92
87      82
16      82
87      16
23      51
23      43
43      26
87      11
53      26
59      11
46      53
46      54
59      7
7      41
41      68
89      54
68      60
72      60
72      56
46      56
89      22
46      21
22      31
59      21
31      58
59      29
58      41
29      83
53      41
83      79
63      53
61      79
12      61
69      63
66      69
66      99
81      12
99      10
79      81
10      9
9      77
81      77
55      79
68      81
95      55
92      68
92      4
39      95
49      4
39      40
18      40
16      49
47      18
38      16
79      38
58      79
45      58
81      47
63      81
87      63
68      87
68      9
16      45
73      16
9      22
10      73
10      96
90      22
90      42
96      51
42      53
53      57
51      83
83      69
92      57
69      46
93      92
19      93
49      46
42      49
19      66
10      66
42      23
23      68
10      56
68      16
14      16
56      42
14      76
76      23
23      22
42      51
51      60
60      5
22      1
5      26
44      1
44      53
53      1
26      44
39      1
89      44
6      39
6      83
22      83
89      11
81      22
94      11
94      42
