1000  7780
725      37
792      690
976      107
137      159
156      435
72      710
121      53
743      344
813      791
372      824
821      3
609      899
99      109
777      717
968      560
86      716
106      964
208      579
913      405
64      549
260      683
762      348
617      298
33      757
281      486
140      18
745      124
38      388
349      447
652      618
551      830
711      898
461      495
169      155
313      914
44      645
977      940
142      165
759      999
57      513
763      218
318      501
77      682
898      911
975      205
641      669
110      406
815      25
913      634
550      605
593      142
249      929
409      11
950      791
152      135
330      567
49      33
463      612
620      769
505      410
309      170
742      322
313      412
859      499
521      42
27      623
720      229
674      327
87      515
600      44
231      256
18      427
846      751
826      196
538      949
918      528
787      298
150      940
638      133
143      446
859      466
293      306
664      827
725      210
46      529
744      808
657      117
579      729
70      663
371      17
924      289
278      580
749      922
877      648
6      571
934      173
762      295
310      557
477      563
404      366
644      511
984      81
530      89
706      166
36      109
911      406
406      723
829      437
599      917
368      506
743      786
206      548
938      180
805      778
892      43
980      495
51      884
206      257
125      537
315      292
310      894
920      416
267      429
919      980
333      303
290      301
733      608
745      631
174      190
899      774
121      189
425      905
905      577
229      892
638      778
881      913
175      693
237      979
552      365
40      838
412      45
511      798
75      528
876      570
516      327
934      252
15      127
862      681
225      772
25      112
802      374
889      824
467      23
79      978
328      885
787      512
294      226
308      120
62      198
331      698
391      470
489      114
594      291
496      513
599      145
671      263
381      354
808      837
198      831
899      906
288      570
565      356
560      891
220      353
482      421
305      297
595      948
232      401
583      598
491      655
878      819
154      93
850      890
399      628
76      833
614      687
620      960
506      912
806      499
379      235
113      323
203      165
396      919
623      800
202      380
851      830
436      70
326      175
293      898
693      290
873      530
363      956
990      379
190      143
309      399
21      410
442      954
213      193
326      899
555      977
726      617
28      802
748      847
304      33
259      270
637      929
577      205
247      326
677      23
581      373
631      970
991      67
855      319
739      153
853      27
567      233
360      921
881      184
426      761
307      279
296      801
986      511
560      311
181      176
395      432
650      727
186      376
428      202
876      6
89      449
389      739
984      587
59      831
295      26
170      585
411      156
391      217
489      503
66      3
361      192
164      986
330      727
552      990
928      315
718      827
890      310
586      96
456      932
132      625
810      710
392      993
332      741
389      240
342      653
123      429
807      240
101      24
561      883
286      183
463      505
921      602
707      706
744      829
133      216
678      954
134      966
648      816
715      85
69      300
364      333
719      746
388      716
370      344
91      894
897      383
254      945
720      471
216      827
787      30
938      394
566      309
207      496
574      400
266      890
444      855
152      659
458      125
330      49
582      372
539      900
252      443
752      918
95      350
213      460
832      40
956      415
543      600
904      423
262      853
992      949
886      374
471      772
424      787
992      483
189      666
566      537
506      87
97      182
899      339
310      169
25      327
910      267
590      845
238      583
620      275
862      597
485      157
283      762
934      783
927      742
677      492
248      385
929      853
110      538
960      257
110      662
91      29
172      762
646      225
549      173
524      511
106      804
880      161
712      75
734      45
221      85
559      919
557      41
667      587
514      33
321      318
594      375
922      977
274      31
284      952
897      115
306      485
415      335
249      91
68      242
93      650
61      61
369      751
344      411
582      13
457      413
459      164
462      361
747      180
949      814
868      494
333      679
91      111
177      617
668      786
201      979
911      121
923      73
799      432
543      45
669      798
96      859
929      216
93      95
288      340
264      645
897      679
190      980
409      92
333      848
638      745
932      98
977      175
355      54
644      518
404      330
491      170
937      686
696      327
469      68
446      644
159      46
375      447
432      86
257      333
550      573
835      540
217      412
173      95
722      472
981      341
420      134
558      966
250      611
779      331
1000      878
674      817
558      109
939      18
487      489
599      848
320      919
166      846
915      579
889      197
435      867
662      832
226      853
113      821
711      582
807      321
83      928
870      110
178      87
953      283
87      993
144      985
431      824
51      941
952      653
855      518
611      722
393      485
428      307
760      612
42      338
367      869
506      687
32      600
486      880
140      152
531      27
438      538
64      925
823      763
354      677
596      758
508      498
325      934
812      45
615      926
137      77
616      803
464      205
602      74
782      372
817      411
72      793
958      34
150      265
886      614
646      463
717      391
396      310
732      569
951      494
473      431
703      192
742      102
659      952
746      872
431      14
843      602
666      369
445      50
709      833
107      304
992      591
684      223
791      235
282      112
25      873
972      740
505      242
980      588
477      34
858      375
548      259
878      55
85      750
765      904
210      929
451      238
747      473
455      626
823      77
92      640
621      140
411      352
185      813
246      376
667      961
408      330
393      351
952      351
972      156
324      896
552      820
361      652
892      346
761      515
506      535
374      109
41      675
514      504
981      965
505      941
152      680
774      294
442      853
738      478
980      567
516      684
667      119
34      894
335      732
717      254
843      246
987      723
999      960
613      503
905      456
513      376
874      100
434      558
572      834
507      464
665      571
803      51
95      150
625      344
856      21
97      408
542      926
399      982
300      584
600      450
871      656
593      478
531      759
127      670
402      249
365      417
223      109
51      486
825      684
515      133
51      976
440      660
504      91
215      826
444      232
823      907
765      905
789      561
648      55
960      75
512      224
636      685
762      808
682      355
276      318
100      267
323      953
957      286
980      768
799      147
18      179
991      961
38      81
810      870
245      430
739      472
875      585
317      775
173      920
250      294
676      328
638      964
638      52
94      259
510      489
594      341
27      189
722      869
430      778
236      657
774      530
931      946
102      888
827      581
949      921
905      178
934      701
280      630
910      86
414      271
106      628
893      59
723      674
997      757
42      416
166      390
70      742
268      332
797      754
899      937
246      231
858      91
68      706
844      987
455      961
553      965
581      419
59      227
822      790
420      197
525      257
245      617
866      630
225      187
596      43
593      673
76      302
24      638
621      931
486      377
783      347
202      441
938      514
89      31
536      149
27      936
35      447
716      29
206      591
544      697
552      287
856      287
618      659
513      830
730      915
11      794
496      455
399      743
374      983
978      348
748      524
335      114
673      870
208      240
294      451
868      253
148      665
916      640
902      120
152      799
489      311
823      571
135      233
603      140
355      484
891      142
823      814
914      272
666      435
900      813
837      648
185      192
716      886
458      345
786      275
49      846
261      410
173      800
72      253
322      92
183      189
319      425
629      711
745      197
282      754
309      655
64      584
35      328
541      961
446      388
355      727
304      14
682      74
642      805
215      896
584      137
37      991
691      121
122      811
336      381
317      615
31      611
291      793
406      889
953      183
915      758
572      296
696      540
276      25
81      61
599      820
657      234
986      990
138      434
570      238
140      629
648      957
469      118
570      590
326      286
711      52
118      778
163      106
119      291
344      675
270      350
437      255
505      880
184      678
897      248
208      660
567      961
22      121
99      114
833      516
159      251
880      51
690      318
866      162
152      672
225      949
447      171
869      404
900      65
205      346
572      551
481      578
63      555
379      119
958      612
3      565
765      853
898      969
820      61
990      162
327      870
835      411
597      335
299      375
326      353
333      599
142      298
193      482
774      122
875      10
850      168
534      927
68      175
431      882
735      778
562      160
72      921
467      745
927      64
307      636
723      770
746      33
259      375
931      402
522      47
563      359
170      474
627      844
432      285
582      217
840      835
428      751
103      710
620      2
31      128
440      287
192      451
786      723
104      216
421      21
885      992
182      665
2      333
353      226
94      756
960      132
986      338
422      627
904      248
802      387
945      332
63      453
719      349
176      530
697      531
961      127
717      208
664      781
111      575
907      860
344      824
331      836
114      765
717      32
599      836
602      975
610      40
900      896
573      254
609      801
433      402
740      636
828      636
694      343
149      995
132      599
643      211
722      16
715      990
485      746
504      389
430      451
149      856
99      110
534      114
823      62
245      234
642      593
920      799
979      131
999      772
65      445
963      132
97      546
386      498
322      30
128      111
188      835
679      536
359      626
567      988
344      634
40      447
222      856
460      182
227      516
506      88
438      203
413      764
149      174
259      829
807      631
905      335
8      691
60      700
454      336
442      928
360      604
7      69
422      599
675      164
595      823
873      801
39      326
499      633
593      634
337      667
10      160
624      352
156      862
991      648
106      852
860      410
425      414
901      192
612      249
331      917
77      367
393      684
143      489
970      446
161      712
840      872
293      831
345      302
726      337
52      456
207      523
706      584
905      101
847      916
917      946
967      142
727      185
365      309
451      608
295      72
113      220
269      687
252      320
544      222
185      399
88      175
859      727
262      363
715      868
176      100
924      742
147      834
461      425
994      600
447      471
68      810
614      868
420      950
365      765
570      92
602      557
775      371
168      294
565      217
83      944
317      310
319      202
834      358
153      554
547      985
503      330
655      673
683      26
768      823
2      179
913      635
900      647
940      518
860      379
548      221
798      429
889      381
960      968
650      253
457      585
773      212
519      110
514      848
845      938
806      592
624      231
386      527
619      584
715      221
713      634
485      212
119      423
385      900
772      918
958      123
720      986
819      357
10      293
707      283
462      753
801      515
43      212
986      60
523      717
850      53
923      671
998      617
938      553
465      536
839      871
666      597
923      569
410      367
157      765
492      287
476      827
509      797
583      366
83      47
600      994
738      560
296      926
17      736
548      672
836      573
252      815
618      438
660      345
878      984
228      569
347      303
10      444
552      675
647      345
179      756
559      490
914      195
2      468
884      830
952      7
286      128
929      114
50      435
609      358
634      842
499      157
370      576
549      31
795      151
609      449
516      214
531      362
123      114
174      499
762      823
250      539
228      443
64      284
990      663
518      374
482      955
309      317
983      653
519      273
109      726
215      218
260      953
809      254
756      840
712      569
126      221
342      72
762      571
910      866
610      838
901      539
92      781
503      590
845      706
854      478
64      604
726      865
997      178
843      665
687      155
332      953
814      782
633      177
123      851
302      46
282      917
692      961
657      789
653      418
7      228
958      81
712      836
993      128
693      556
871      848
104      606
717      911
253      150
590      651
299      593
286      438
586      840
462      966
247      567
891      383
163      838
889      575
610      876
141      493
263      11
617      407
292      132
376      119
254      352
545      26
568      424
120      365
966      761
191      148
522      759
949      408
12      693
69      403
969      135
191      883
710      860
803      201
518      555
137      566
287      696
518      297
955      859
809      839
691      670
148      167
485      145
806      625
614      76
901      634
298      64
521      198
832      410
99      955
331      157
756      270
659      395
874      469
35      304
69      696
219      11
944      101
317      81
827      46
380      408
397      64
633      653
927      91
832      18
332      521
271      503
460      821
126      884
56      146
529      433
224      237
763      691
775      951
533      307
872      835
700      27
834      689
441      216
983      636
801      791
970      142
989      814
15      550
524      464
988      107
548      435
837      968
847      170
486      4
874      890
601      613
737      156
815      496
582      830
523      487
761      342
690      599
657      868
663      5
9      690
427      821
389      99
217      391
987      861
800      870
983      652
977      134
271      164
848      90
237      355
552      623
379      113
391      720
376      174
537      358
193      382
568      588
387      459
64      757
500      199
393      266
649      427
686      116
714      785
258      42
482      931
866      936
83      887
61      476
758      960
56      686
16      441
495      139
448      536
638      998
76      84
133      708
595      997
266      730
518      687
328      557
944      290
389      414
205      265
145      80
622      725
386      663
866      926
108      295
40      982
662      798
657      825
737      119
130      372
753      4
815      465
894      863
644      372
636      749
276      582
886      328
517      491
233      431
11      594
20      540
696      168
918      481
605      857
480      768
346      45
393      22
873      523
984      843
81      813
300      305
6      951
104      703
646      269
410      393
647      288
338      357
435      596
48      876
181      193
158      58
286      668
796      549
416      554
331      766
396      552
441      159
294      690
427      490
678      510
33      73
370      308
178      671
470      221
169      569
726      252
975      595
498      437
288      803
592      369
42      364
424      331
855      738
744      658
308      588
256      316
73      147
672      227
193      213
69      622
340      270
378      351
32      973
555      980
343      790
157      628
497      769
530      825
865      350
752      356
605      986
393      673
368      699
101      808
698      237
811      333
135      670
975      517
516      28
829      597
341      945
364      808
460      984
741      189
773      255
202      315
197      880
564      458
272      598
445      360
705      800
709      4
420      765
663      666
72      53
771      228
48      632
7      881
840      973
846      148
837      217
979      4
797      970
334      355
662      390
284      374
202      461
142      792
648      864
808      347
406      692
282      844
586      719
531      825
944      526
904      826
806      952
493      730
515      883
794      352
341      25
327      542
154      886
290      173
599      569
909      491
724      45
917      387
792      722
940      263
977      549
368      419
795      873
29      1
730      128
69      749
499      34
832      173
524      464
215      31
572      46
697      311
213      691
961      771
414      310
471      452
453      326
210      35
658      910
583      886
774      692
931      150
162      653
452      574
188      486
670      122
557      553
530      514
542      34
337      89
40      21
70      470
658      23
121      62
237      229
559      180
812      596
703      151
647      942
48      542
519      142
206      274
28      560
675      592
353      864
554      234
577      773
934      512
571      274
257      424
985      649
273      40
871      556
701      420
174      954
454      464
744      969
768      443
134      646
8      78
52      583
263      656
758      153
852      559
709      899
815      181
354      326
426      437
611      543
130      584
67      787
803      881
147      774
595      969
454      463
308      999
659      308
965      904
435      797
10      630
842      240
95      313
547      905
844      655
540      219
698      345
713      807
684      955
284      351
961      631
146      896
205      528
360      930
439      110
716      854
797      994
761      371
100      383
106      388
676      667
895      553
800      505
517      393
739      461
632      433
382      907
772      923
478      772
489      454
154      29
485      710
938      614
427      888
627      317
385      909
615      972
391      160
185      469
907      685
926      616
362      631
751      487
353      38
955      647
545      300
993      91
113      91
747      606
365      461
831      941
741      86
567      839
344      90
496      362
95      495
207      146
902      6
383      72
213      716
768      62
237      471
241      811
613      655
190      231
556      283
637      772
89      229
10      303
127      819
394      426
780      283
796      543
569      394
819      3
339      385
257      420
975      340
774      400
461      448
54      652
203      913
384      198
931      365
138      216
767      57
922      770
608      414
591      434
925      487
143      50
953      801
474      734
93      463
635      96
677      73
518      418
959      225
261      143
101      579
996      351
516      494
213      206
677      826
166      623
976      488
390      994
417      568
743      463
643      547
44      29
336      663
844      708
723      104
511      667
876      121
757      551
282      327
902      193
344      933
836      235
86      169
180      231
824      587
820      907
843      749
494      173
819      164
858      230
899      386
243      214
268      532
32      461
438      959
250      361
188      282
796      65
617      96
750      997
977      604
997      791
299      177
757      882
434      478
566      549
875      810
420      740
912      369
520      724
363      291
604      945
511      149
532      798
175      63
192      215
178      385
30      526
510      482
740      641
465      319
147      228
367      61
583      433
558      163
859      168
677      430
401      44
403      490
639      133
340      186
333      187
221      461
139      485
561      549
960      982
204      117
781      112
876      350
807      720
88      286
155      518
193      750
213      800
941      878
329      722
762      967
826      787
255      204
184      895
806      862
100      437
278      339
807      956
5      482
561      871
147      230
446      34
385      253
35      495
361      499
590      906
871      112
818      101
36      242
729      41
275      136
653      722
964      261
231      13
767      125
873      768
651      904
119      734
588      991
567      414
650      975
489      240
6      761
242      27
40      972
467      957
771      928
182      64
978      520
40      93
820      859
970      97
955      342
202      848
163      202
86      794
125      813
616      488
443      936
37      971
494      340
528      746
99      690
668      837
828      638
814      571
754      823
712      996
448      86
562      492
828      968
364      765
422      217
478      519
387      143
880      687
747      560
325      9
342      729
346      907
365      45
725      168
469      398
904      310
558      618
677      517
938      885
420      988
417      71
335      833
89      802
606      28
611      91
110      856
392      746
349      536
531      231
417      211
839      299
862      883
537      880
902      167
345      30
26      794
434      852
343      416
809      607
436      606
98      721
64      915
405      569
8      990
368      418
54      773
966      819
229      983
253      379
777      623
925      279
747      909
804      954
18      291
87      440
950      369
723      46
565      261
562      689
960      650
641      993
120      12
333      610
274      14
813      784
426      112
787      44
27      328
773      599
476      547
208      953
103      24
500      103
531      178
66      535
745      649
537      753
795      915
88      371
784      227
791      577
229      78
38      952
813      775
863      94
993      206
31      759
755      969
663      510
988      719
193      782
486      885
806      636
563      527
476      548
628      556
741      916
814      934
234      944
878      485
534      83
525      976
312      334
127      767
977      305
718      743
355      868
547      875
330      896
748      3
852      702
25      260
915      419
857      740
204      16
137      288
248      858
420      531
448      130
583      429
661      986
835      407
565      594
565      142
490      55
802      268
204      312
132      174
511      108
442      874
31      323
91      178
463      599
274      702
242      102
526      785
825      959
385      890
674      71
920      220
73      191
297      316
145      52
224      592
275      922
693      415
119      638
431      600
921      974
628      58
802      151
384      573
703      836
762      980
199      613
175      8
749      3
430      234
757      926
714      388
948      850
670      316
529      516
826      702
631      724
676      877
36      569
58      518
588      75
132      210
438      457
663      150
960      671
579      576
31      708
709      671
542      358
721      951
983      762
760      704
504      308
303      803
885      751
992      960
900      249
745      887
309      902
627      193
679      96
733      634
328      920
942      197
85      307
562      747
95      12
140      650
143      370
721      823
728      30
229      448
722      235
903      271
287      322
327      230
62      808
264      828
557      319
353      842
684      278
53      181
21      501
130      864
575      842
359      61
585      193
518      959
427      84
689      775
65      78
537      786
537      493
753      347
675      676
393      786
352      746
462      928
979      715
103      86
749      48
539      714
509      405
30      500
340      767
826      475
909      73
994      311
35      66
202      251
534      468
338      273
317      491
666      721
855      919
591      424
253      40
2      321
510      590
258      82
966      659
128      758
681      253
185      986
250      899
265      302
712      994
449      915
279      317
835      843
252      472
525      225
322      807
681      70
755      736
469      317
920      473
246      300
425      639
87      479
552      532
376      210
807      572
66      979
858      20
582      202
95      360
181      823
962      952
666      142
637      790
268      696
517      710
368      753
447      74
67      122
361      9
900      467
590      156
792      983
97      5
664      339
739      572
300      140
647      135
915      676
186      644
138      537
64      911
738      818
681      195
383      471
347      703
74      484
273      574
856      985
641      682
251      545
940      55
262      229
494      448
662      245
349      64
500      370
14      478
600      339
586      254
839      506
72      576
772      217
461      8
21      471
726      1
116      793
782      742
846      966
418      903
521      540
10      68
158      833
675      9
613      879
519      326
704      102
69      826
616      903
685      316
916      819
604      741
144      606
533      869
345      28
353      448
934      214
965      413
851      112
618      371
863      746
866      80
174      89
710      200
361      985
445      614
672      362
206      418
825      92
462      119
794      377
157      96
667      933
555      782
439      428
352      528
169      496
833      168
996      149
151      270
106      692
721      459
222      88
521      956
605      32
396      193
134      977
235      985
539      704
255      892
415      297
506      229
751      295
640      769
990      32
539      512
313      507
102      463
313      465
393      80
318      366
76      775
728      370
439      449
473      936
702      11
935      307
346      436
901      104
425      280
897      364
480      42
576      642
327      334
422      673
626      8
442      384
64      108
997      527
901      715
515      84
138      982
770      678
332      275
488      977
922      801
841      534
112      329
805      406
688      587
496      364
680      226
827      732
934      565
521      516
928      427
916      893
465      130
485      797
710      956
690      173
830      839
345      122
151      280
267      275
662      683
484      661
614      721
79      462
234      750
70      92
181      637
247      409
78      443
347      134
554      37
160      249
202      447
558      284
603      179
574      451
43      593
509      802
513      73
305      729
614      722
243      213
728      854
474      539
422      452
296      420
493      9
894      640
640      165
675      560
614      942
649      484
262      331
16      661
677      718
732      9
632      758
610      305
973      192
216      184
499      506
594      210
11      293
216      846
806      988
869      114
525      221
338      74
80      18
617      924
182      932
238      67
931      286
159      221
56      65
749      227
172      457
98      533
775      843
546      944
975      145
231      862
892      124
476      584
111      813
907      729
856      416
442      162
283      61
919      709
124      212
69      977
170      556
119      394
719      401
281      401
128      656
462      271
407      543
771      98
142      478
986      425
974      60
603      882
717      816
334      342
950      197
284      229
714      584
19      67
917      649
327      334
164      996
813      107
610      635
387      420
329      810
708      97
133      206
663      568
204      91
175      834
546      728
310      187
681      905
26      717
686      721
177      490
167      434
889      196
272      19
392      436
260      548
698      675
729      249
857      487
972      649
447      61
476      90
414      840
963      514
97      988
126      260
748      490
93      694
53      88
390      779
318      595
772      657
98      868
613      977
181      476
250      263
937      469
279      509
194      599
306      832
699      324
880      886
162      609
339      419
694      729
440      423
9      935
156      389
200      631
767      794
951      274
465      544
57      173
72      935
918      805
532      23
989      857
289      756
784      891
364      374
983      36
1      107
749      403
897      308
855      330
793      9
579      270
933      849
333      161
835      339
188      325
116      650
443      486
166      632
419      157
28      498
197      301
535      708
438      12
557      449
140      792
728      968
317      699
2      654
414      188
60      597
977      891
22      382
768      121
960      464
237      266
223      588
644      912
228      620
232      229
718      552
82      180
616      485
865      437
389      635
563      363
679      377
737      68
199      863
144      701
446      599
580      294
682      240
799      321
461      649
823      267
79      967
54      44
564      107
595      65
265      51
893      835
223      955
64      899
801      448
632      549
954      561
946      190
136      770
475      548
6      510
407      312
21      624
707      602
513      510
527      874
426      427
795      110
97      615
906      709
307      998
204      286
74      986
693      230
542      341
179      948
586      351
181      827
963      800
558      380
316      610
441      628
492      814
815      593
193      642
971      61
942      884
999      645
32      894
975      656
598      70
747      927
950      776
819      318
437      186
187      316
990      36
333      732
964      426
549      936
859      63
272      687
304      407
910      436
224      529
454      123
150      392
944      487
543      365
838      421
535      451
28      223
166      910
543      206
605      848
874      367
858      98
275      112
292      779
332      256
208      944
597      256
529      352
726      746
670      35
994      276
718      759
472      185
247      110
155      605
555      559
121      778
907      431
137      355
934      164
893      509
130      686
519      789
316      506
488      450
586      964
212      968
829      425
209      726
748      535
142      453
659      385
135      549
571      2
895      629
234      285
55      519
851      639
2      110
153      98
387      460
285      830
142      629
104      238
651      794
66      685
2      82
760      83
88      371
195      31
495      649
445      739
35      553
575      23
745      373
390      851
810      476
869      844
13      533
755      322
363      808
133      12
924      705
382      216
823      810
322      747
974      868
178      169
264      937
986      730
520      633
791      977
346      838
452      506
406      694
363      144
389      174
784      280
312      526
25      741
905      324
554      49
825      152
830      668
392      18
951      636
731      987
814      858
15      462
270      869
963      556
251      477
116      742
144      349
723      619
326      894
545      103
184      637
322      684
899      168
703      799
860      490
37      993
41      232
52      16
705      343
34      186
743      964
925      910
594      616
167      447
648      190
235      341
1000      963
527      353
623      112
922      853
691      423
348      503
867      824
901      8
607      542
5      460
332      827
723      312
583      820
881      299
707      674
965      459
14      999
58      142
150      826
116      841
16      206
803      999
753      717
295      282
661      252
106      855
373      876
211      337
38      565
54      157
532      630
784      117
782      885
489      180
26      455
298      293
33      557
182      368
333      404
173      425
231      391
955      822
766      667
144      814
418      967
128      409
142      190
851      927
363      746
694      553
233      318
288      430
984      703
377      27
493      513
820      715
945      146
286      886
147      669
327      881
846      846
605      514
157      405
687      149
154      568
455      728
526      465
753      592
690      945
456      574
485      335
728      306
62      154
302      802
545      510
83      911
775      454
471      772
717      623
515      899
599      717
495      78
381      5
569      55
339      421
495      141
231      91
660      331
452      753
670      959
955      594
33      316
193      452
188      500
331      162
280      637
365      860
65      30
787      237
62      871
439      633
242      891
161      993
573      707
69      684
804      79
381      500
884      939
367      11
247      13
90      856
389      111
106      769
379      69
451      598
505      740
162      704
901      548
686      748
30      252
805      808
11      521
684      401
529      338
359      926
523      203
926      629
612      580
496      592
344      550
801      828
272      385
607      974
804      469
691      457
939      947
362      24
639      518
763      204
803      700
899      747
78      627
196      167
697      906
580      590
924      661
289      130
423      596
515      703
444      377
538      652
730      76
206      104
147      380
30      771
663      356
928      966
986      704
751      543
625      211
618      157
618      479
8      669
457      247
194      271
799      196
737      784
140      154
319      76
117      631
921      855
673      232
369      929
861      503
59      852
96      4
885      907
920      887
145      945
291      584
839      194
674      475
603      394
864      875
191      40
592      98
217      127
332      474
212      761
810      395
220      304
665      745
515      923
481      57
865      25
616      409
776      469
977      17
397      246
743      354
90      905
248      305
65      909
700      431
363      59
197      408
735      104
576      942
46      537
313      738
858      842
725      663
199      307
65      363
162      567
472      42
526      18
601      753
389      590
103      867
219      834
321      987
703      80
426      511
667      985
588      102
138      288
957      966
265      567
916      924
926      482
957      185
197      182
447      853
410      869
14      58
416      642
900      448
648      803
931      368
221      768
286      512
500      894
781      546
554      511
191      745
957      490
722      49
388      403
230      513
210      967
143      536
422      255
745      601
606      934
230      821
90      1000
387      36
61      553
681      727
525      487
303      804
196      269
684      351
679      364
106      562
52      320
582      713
888      629
556      668
598      165
832      954
412      471
559      286
39      468
140      673
183      177
774      284
462      204
14      935
673      342
471      875
321      532
670      209
379      897
81      357
955      459
556      810
200      928
742      3
392      741
322      172
660      306
377      795
767      30
677      629
344      611
241      161
471      222
524      187
451      709
148      287
385      117
63      867
74      127
820      911
156      462
904      379
80      735
685      461
643      485
701      837
166      65
948      815
408      483
51      621
36      479
785      230
653      374
436      599
125      224
301      725
341      107
362      956
511      419
508      6
463      894
769      843
152      138
884      658
115      470
616      154
842      338
900      287
234      475
184      508
647      351
85      785
377      257
131      161
548      410
108      59
998      309
13      539
562      708
117      741
305      252
782      541
632      106
65      229
884      336
518      308
450      760
129      79
563      372
855      47
765      424
696      464
157      29
607      937
399      18
500      924
544      665
834      339
115      387
28      301
944      681
587      508
939      392
603      188
72      728
43      203
68      801
427      87
606      283
312      48
813      856
195      580
531      848
304      872
63      25
33      314
552      713
282      984
293      306
952      492
258      520
163      647
517      218
323      598
983      818
246      126
110      947
607      360
190      550
515      152
279      465
52      496
842      613
224      292
478      242
796      482
815      369
738      928
830      901
562      313
283      991
485      805
383      589
476      852
750      871
23      615
617      341
586      452
450      568
633      444
232      804
676      338
939      750
349      314
321      360
302      659
247      430
528      555
803      276
671      597
510      606
185      273
727      331
725      929
354      391
304      900
480      604
290      257
448      476
575      297
371      798
330      248
109      658
20      138
768      739
442      231
602      144
84      978
566      710
378      772
280      206
177      431
666      86
395      506
700      695
789      840
976      691
130      733
107      705
732      919
768      198
546      748
383      257
254      454
986      42
165      848
535      720
785      667
322      775
380      121
618      403
354      181
580      163
249      805
757      908
933      702
464      817
308      547
335      500
976      977
670      116
123      625
652      387
756      282
395      330
791      275
814      307
451      723
234      523
613      685
717      362
130      243
836      64
250      581
440      694
848      638
680      654
670      388
818      976
901      986
274      195
474      507
125      316
588      893
504      485
841      160
545      605
960      2
423      800
842      360
758      235
234      963
2      94
499      732
517      750
601      853
867      590
671      406
586      137
568      153
528      671
161      2
324      658
283      974
646      43
878      239
827      262
201      586
105      23
967      886
257      503
475      400
618      151
204      503
177      927
795      33
590      380
497      640
891      844
422      709
494      879
500      959
341      476
706      400
921      980
868      365
746      743
816      63
690      26
723      491
7      162
794      906
848      640
573      205
936      416
837      50
896      447
494      947
519      400
200      465
421      740
552      453
917      44
323      246
793      100
578      76
911      21
8      784
264      647
305      950
945      210
773      64
699      367
770      344
758      704
488      977
314      72
117      259
101      280
585      1
649      375
403      569
493      533
466      975
595      13
209      870
362      213
874      108
666      787
931      201
148      205
597      356
292      869
769      114
591      104
397      220
630      601
324      620
229      118
484      643
989      758
801      994
461      998
55      315
912      679
372      403
103      646
420      742
215      288
438      31
813      487
772      643
982      293
752      657
68      468
473      168
986      519
957      508
880      529
176      623
250      816
907      56
555      901
848      315
255      243
266      261
893      554
953      490
796      111
867      164
741      418
438      650
429      795
857      275
254      241
971      885
844      417
835      719
258      383
790      855
511      452
999      264
251      541
897      724
339      3
104      834
516      988
686      324
428      654
169      176
164      515
233      753
369      349
192      681
730      520
330      701
292      782
659      965
625      283
280      903
80      742
85      454
421      640
878      772
929      348
425      433
4      811
752      455
655      706
221      628
934      603
359      139
626      541
713      695
917      945
264      341
822      114
493      597
149      232
769      332
49      161
917      826
236      268
908      947
416      652
952      580
194      957
465      771
621      910
812      499
690      458
336      403
371      285
636      818
487      552
516      18
199      986
434      638
431      971
472      544
417      925
476      500
915      641
181      603
816      843
210      180
828      76
410      701
121      90
422      770
431      310
674      928
193      481
698      625
50      659
505      508
485      266
149      968
524      420
7      829
737      698
918      879
872      113
955      527
477      389
718      824
122      876
184      459
625      388
410      536
736      602
675      418
194      920
31      205
929      210
866      38
674      566
548      111
265      805
518      789
139      2
202      792
219      902
625      183
588      110
751      654
381      306
560      485
506      986
950      822
143      254
802      290
783      867
656      912
635      877
655      291
271      758
925      735
230      41
106      704
477      875
963      767
781      575
975      546
330      740
270      95
9      910
516      845
950      877
357      687
451      757
931      997
188      715
147      48
911      185
902      778
258      223
107      640
525      462
138      470
94      154
355      21
323      27
788      363
74      696
153      511
428      97
726      511
928      559
592      584
339      866
250      41
341      422
116      557
768      155
53      283
466      384
313      131
889      540
517      159
478      448
319      380
834      404
987      372
741      517
728      570
869      303
482      17
163      861
32      128
778      762
445      790
209      755
380      334
264      179
580      287
927      146
915      323
249      35
511      922
655      393
712      746
769      541
369      901
912      70
373      231
647      550
486      555
536      469
768      737
899      973
948      966
224      209
249      920
54      666
573      907
964      479
58      357
36      472
403      923
640      671
429      94
900      100
251      894
131      708
617      33
214      117
754      839
719      56
661      813
836      812
610      565
54      579
219      302
177      483
581      773
838      3
526      104
564      839
912      714
670      451
171      161
477      104
545      584
38      414
931      280
527      310
673      74
538      265
759      202
236      867
291      433
215      974
274      937
12      85
434      125
588      910
834      645
261      154
854      43
490      684
79      365
403      491
47      783
372      246
970      28
137      739
888      785
343      892
191      110
94      351
341      650
419      57
619      746
593      494
645      13
527      279
493      551
757      784
344      992
608      261
976      480
213      369
785      610
282      330
847      274
400      396
172      228
669      168
360      803
798      833
497      202
281      724
82      298
952      137
647      81
745      794
854      283
459      70
521      496
652      451
848      458
861      358
548      513
311      688
790      172
86      791
966      246
979      821
712      283
336      145
248      326
589      313
126      96
511      513
349      127
920      778
581      49
482      226
200      187
68      771
266      818
727      875
553      789
507      80
844      389
538      430
24      59
462      918
461      180
110      532
448      955
731      541
498      259
9      331
93      63
778      79
350      201
260      954
30      435
363      16
154      701
729      65
755      35
241      277
320      562
987      764
415      488
505      879
170      205
432      998
102      17
715      431
167      707
754      736
432      300
415      9
886      62
809      841
788      332
841      379
449      887
538      676
29      665
838      260
875      538
531      167
656      757
772      471
146      87
404      744
59      83
533      871
717      468
558      584
591      96
244      643
406      6
807      937
775      444
61      481
248      623
380      634
526      79
65      844
289      534
118      783
788      262
343      359
825      788
285      483
1      293
676      665
497      787
127      663
160      875
547      984
229      95
673      562
525      379
573      504
434      558
148      177
391      631
242      651
591      369
753      181
766      781
798      193
752      779
253      354
845      396
636      231
318      966
453      907
353      989
438      697
439      19
354      977
279      324
346      297
444      104
830      755
617      261
525      639
549      145
805      581
50      609
12      513
471      281
93      467
405      601
174      857
606      943
573      892
89      879
635      476
330      604
65      169
455      793
375      159
222      697
724      437
881      871
183      874
308      91
851      780
141      514
786      110
489      353
560      461
96      789
336      672
807      425
165      666
59      69
334      862
133      496
156      845
889      778
520      886
720      97
325      531
486      382
613      859
534      378
688      322
529      746
375      721
877      644
686      587
98      133
551      766
432      361
123      986
884      510
756      233
977      718
423      875
364      255
965      877
640      280
624      533
247      418
426      860
562      296
696      416
479      37
310      173
946      137
613      232
751      207
335      224
283      198
579      81
618      114
596      174
826      815
60      290
487      113
261      499
568      706
352      660
351      353
823      150
494      627
748      602
61      73
221      389
592      718
503      745
492      67
567      259
666      441
368      54
860      843
942      708
637      437
265      372
925      324
605      245
178      636
798      805
730      104
617      902
69      297
270      206
663      790
890      473
51      941
768      709
659      163
295      826
988      430
375      924
766      300
965      78
617      159
791      485
779      544
681      782
558      964
77      469
239      159
720      115
304      572
257      491
696      655
6      857
848      55
503      943
310      139
427      582
334      904
785      829
836      908
903      217
991      458
398      393
143      82
879      893
759      124
214      947
222      49
412      277
31      471
220      858
920      791
731      343
447      612
346      738
800      554
599      563
572      32
679      96
228      507
505      275
435      433
12      610
329      183
960      506
236      71
50      433
456      970
897      839
87      182
613      464
788      348
439      441
673      81
851      140
713      870
675      345
184      862
245      755
710      3
21      389
754      414
173      135
859      585
624      417
666      66
94      938
995      831
57      229
435      281
87      417
411      15
816      732
234      479
487      579
377      698
182      505
199      661
682      625
301      560
221      169
508      877
130      205
138      55
491      13
612      853
902      173
685      553
254      335
549      81
438      758
629      233
912      25
150      482
580      835
761      291
236      611
153      443
244      613
165      336
807      740
721      384
860      178
916      401
607      253
885      559
820      256
558      594
983      403
899      600
167      872
356      262
193      900
565      783
576      461
246      502
905      70
303      670
853      884
980      460
448      500
478      173
455      556
337      562
326      362
522      684
799      461
905      293
679      854
292      293
626      282
580      237
647      87
312      228
982      136
231      652
685      39
556      816
186      102
450      540
539      667
566      281
809      501
788      596
779      759
714      441
303      408
929      89
835      755
41      413
546      618
228      926
442      667
539      531
745      388
540      742
984      136
493      644
264      278
155      406
857      82
835      560
818      522
273      222
250      831
407      974
341      990
229      262
370      162
879      563
657      544
372      547
730      551
138      936
776      377
359      777
445      379
275      78
239      797
201      607
240      278
524      42
179      983
734      232
698      746
124      587
781      415
53      918
85      690
745      513
206      261
759      463
779      190
510      382
707      476
53      594
121      491
414      726
249      666
284      920
822      397
214      600
545      820
316      997
484      431
94      180
525      188
28      46
326      695
552      956
377      637
456      449
376      452
415      141
402      74
163      154
282      721
817      341
930      556
708      874
405      753
13      92
297      907
949      200
187      898
173      76
845      337
374      874
186      316
197      171
339      420
662      634
522      841
897      22
730      515
250      179
442      564
450      357
951      533
660      370
966      628
682      19
59      63
85      247
123      528
827      245
254      852
434      131
553      729
859      816
816      188
706      970
768      661
594      508
145      656
973      720
515      472
889      477
840      793
774      549
639      202
140      374
609      902
922      827
476      270
329      14
477      532
39      852
234      350
831      557
989      925
565      654
317      306
927      781
351      68
719      608
650      848
710      563
79      485
771      884
775      754
224      60
422      567
581      101
430      661
758      866
759      523
871      448
577      222
553      39
124      980
972      316
759      116
164      887
853      830
368      995
469      819
101      71
400      96
753      545
566      45
747      482
945      460
976      561
707      864
705      840
796      324
440      933
563      316
161      422
997      12
718      517
524      348
674      243
575      52
847      628
319      962
898      398
625      405
628      471
759      292
556      51
282      400
424      655
706      715
19      421
173      828
336      332
390      281
148      730
237      311
826      57
613      664
680      348
858      697
414      605
17      255
55      540
314      846
840      973
216      774
989      167
233      458
883      605
176      94
952      603
216      596
726      102
891      507
359      936
945      181
771      22
180      692
68      808
584      408
954      485
40      887
779      785
587      281
874      204
822      959
520      263
803      280
888      117
391      872
180      876
65      693
390      440
709      166
729      722
785      347
53      66
103      636
192      782
577      319
18      717
843      152
362      244
362      847
620      668
603      849
108      943
182      492
755      997
704      956
744      815
200      594
131      975
337      727
306      82
366      45
390      547
733      382
296      230
234      788
749      525
628      948
241      10
36      167
840      74
297      655
303      146
713      314
296      681
810      502
708      962
79      258
179      788
630      604
792      503
318      516
720      669
885      804
392      811
231      426
334      499
988      188
72      672
200      447
369      668
774      780
570      65
110      776
269      282
243      982
124      350
362      3
704      225
548      965
870      438
468      361
764      100
436      943
737      476
746      245
426      669
344      621
656      564
33      955
95      115
151      112
466      860
986      252
186      875
91      795
237      661
390      359
763      649
902      773
500      802
594      975
542      822
269      77
290      214
28      113
989      529
544      446
725      527
243      980
633      624
623      523
227      135
298      968
778      318
622      825
255      119
813      193
945      92
681      913
964      851
257      36
796      794
208      444
792      595
320      886
754      852
756      983
627      221
994      874
810      247
815      479
477      870
861      425
848      650
656      556
722      672
70      536
920      384
436      463
249      898
949      135
600      546
885      101
376      709
148      527
226      143
463      987
433      147
408      593
447      238
93      369
200      416
438      499
460      1000
888      314
587      763
567      427
736      480
256      896
472      99
324      779
972      348
896      937
881      275
105      437
305      899
590      270
187      336
38      727
261      126
775      488
313      735
272      278
718      673
207      916
301      770
44      524
612      816
439      590
256      906
613      867
147      636
869      198
205      955
48      712
214      254
655      423
505      380
319      483
285      96
543      565
677      782
714      796
303      569
752      36
354      858
175      349
88      207
134      638
323      373
2      188
660      116
482      539
774      262
397      607
865      315
972      207
835      500
625      15
889      521
814      177
379      401
907      479
685      238
703      344
153      11
111      21
154      763
981      78
980      576
456      837
383      420
145      39
818      495
230      802
925      725
671      520
254      459
581      703
197      854
370      826
147      545
476      247
333      121
220      965
231      86
75      922
491      88
995      215
792      91
979      745
7      177
165      853
361      851
9      967
597      908
357      566
718      929
588      263
976      976
666      109
291      949
666      234
640      43
614      101
552      965
950      352
324      257
437      796
647      741
444      195
976      658
337      818
76      729
307      41
152      446
228      425
500      896
121      745
746      105
22      884
374      553
330      698
32      681
410      945
700      134
466      273
643      893
109      729
306      717
77      209
872      989
534      661
214      547
453      890
935      70
943      200
6      457
228      36
630      565
986      825
604      745
941      603
545      777
468      335
861      536
783      42
349      26
364      237
125      955
417      698
464      526
356      477
884      667
159      98
275      873
927      191
643      571
715      253
399      265
649      353
991      582
676      897
227      682
338      237
269      51
242      748
555      429
706      344
660      419
447      175
442      384
158      455
957      127
423      844
609      251
817      369
142      4
648      626
725      495
275      65
970      384
578      805
228      982
997      51
602      220
8      376
176      360
699      628
990      497
149      668
706      386
112      837
628      917
391      600
743      598
220      662
8      221
559      465
262      743
841      556
82      930
343      416
280      707
65      613
779      830
690      201
6      577
858      280
151      630
30      664
766      339
913      919
75      127
836      51
358      435
338      838
624      186
319      996
559      494
254      667
790      217
360      142
842      166
274      782
313      602
344      989
22      905
150      712
919      313
966      248
600      821
963      949
112      287
52      896
944      742
484      987
956      559
230      200
234      67
941      803
792      949
930      972
146      438
127      245
960      407
480      852
862      994
233      357
614      782
930      8
504      133
696      634
961      459
77      811
153      653
527      627
214      628
246      217
103      453
263      490
651      350
654      554
839      590
432      947
126      218
550      607
378      192
637      691
497      921
427      546
988      952
620      674
225      386
730      728
960      217
995      51
306      169
260      87
709      141
468      569
820      775
627      986
611      787
761      538
409      150
475      754
230      472
7      613
20      171
73      668
569      847
711      829
34      12
663      159
4      819
680      885
212      586
877      788
967      98
62      3
635      430
569      238
860      161
230      519
714      12
104      794
48      892
711      938
136      60
658      397
841      372
593      697
298      766
169      706
753      504
25      682
636      643
345      579
937      231
523      596
185      929
833      805
270      394
182      656
838      677
249      734
456      284
507      467
795      895
402      472
517      995
622      379
897      115
472      733
890      414
35      240
388      925
402      554
114      94
385      394
321      401
816      94
868      351
34      431
401      618
308      970
864      550
840      659
924      314
585      976
602      842
673      15
855      588
951      397
950      700
36      164
318      943
276      336
33      905
586      839
577      115
867      291
326      932
845      501
499      707
185      127
846      358
691      677
613      770
386      473
758      408
939      187
295      880
280      929
772      621
342      160
879      917
700      799
170      107
311      732
768      778
834      822
865      48
251      999
988      172
913      651
383      438
833      649
34      794
408      157
57      33
931      751
216      596
186      308
801      989
819      918
184      716
618      251
360      546
214      343
231      302
735      399
588      762
252      244
321      865
401      831
611      343
829      543
254      276
449      444
206      135
53      303
936      500
789      512
863      273
776      507
810      339
889      504
890      15
350      150
690      543
30      244
111      524
232      628
271      835
310      244
590      285
944      929
683      846
133      922
273      746
917      142
105      135
65      244
21      83
876      629
735      107
11      496
456      68
647      434
981      570
380      287
108      547
457      577
28      183
424      940
378      271
240      852
704      6
381      932
56      272
690      876
366      574
260      726
459      851
143      853
54      863
847      482
381      621
5      580
889      554
49      211
239      93
198      226
587      421
153      927
807      572
251      135
393      990
542      3
323      413
188      273
292      61
867      433
164      887
165      101
412      316
668      355
612      200
947      778
838      368
135      767
951      681
364      19
238      759
348      650
653      294
90      603
517      481
53      175
206      957
504      240
739      872
294      335
364      227
715      650
781      82
477      768
476      236
945      786
440      59
578      585
420      306
157      30
411      214
640      201
38      442
800      657
609      979
858      468
211      452
489      397
940      751
670      536
329      105
286      538
283      729
213      89
533      581
440      69
756      232
384      667
121      876
859      668
514      608
852      230
927      510
290      294
887      60
327      257
923      580
455      606
170      978
208      953
124      74
680      166
995      300
674      720
330      341
435      214
697      267
345      128
513      92
170      92
394      748
194      47
837      881
23      266
467      764
311      451
844      199
481      709
891      645
961      829
278      243
204      705
644      937
531      727
728      204
205      808
346      323
109      375
436      316
507      650
737      755
638      60
585      686
855      820
578      272
873      5
33      432
388      763
230      517
312      959
341      672
399      391
841      958
427      53
627      753
263      218
96      890
762      759
928      917
69      696
395      496
238      310
782      953
765      927
139      724
940      659
159      54
395      238
4      240
41      141
351      635
95      247
428      357
430      842
589      198
441      534
657      362
141      82
378      18
108      385
111      313
209      208
479      144
638      639
447      294
634      770
339      128
542      763
305      289
278      198
707      270
373      945
34      928
593      397
344      543
189      861
158      696
317      42
316      587
804      560
383      219
522      697
660      690
602      500
251      225
935      98
742      873
230      261
89      665
182      477
596      508
316      503
388      238
851      212
1000      739
921      340
686      492
621      606
645      839
645      109
342      873
115      808
548      259
159      86
434      431
632      35
147      229
92      708
21      238
152      171
191      980
113      432
313      796
56      492
843      337
307      114
390      710
57      525
638      808
214      624
457      974
156      870
353      269
650      647
253      596
270      715
446      521
31      358
373      647
950      560
2      869
394      56
295      579
642      500
530      603
661      15
546      130
901      512
145      42
162      83
960      333
131      279
664      128
264      891
492      506
803      789
837      847
340      313
853      949
516      10
388      226
129      744
297      832
248      822
32      215
880      654
658      453
995      860
98      980
136      436
436      496
755      777
72      643
935      955
380      703
650      691
679      616
222      350
274      707
607      60
745      991
288      268
543      591
528      46
816      688
370      348
183      93
971      21
912      421
61      488
272      942
80      194
552      928
447      325
289      192
848      541
289      71
189      727
547      415
776      40
389      810
852      575
611      830
134      768
953      577
698      878
605      725
802      84
107      336
561      145
234      754
558      14
819      20
76      476
362      770
438      135
558      324
712      289
2      911
545      476
654      130
188      408
911      304
653      237
794      58
744      302
305      702
950      730
220      848
505      864
593      259
639      654
822      387
347      22
442      306
86      846
67      542
805      866
939      876
476      480
68      931
80      824
850      567
66      886
680      640
864      230
522      110
173      290
249      219
817      259
390      6
795      473
366      255
954      577
347      356
387      906
747      79
221      516
425      425
96      294
738      224
556      218
250      832
782      487
269      561
877      826
561      628
835      115
976      891
615      159
332      676
975      791
339      602
2      428
826      385
60      998
558      180
115      448
557      796
142      937
915      854
341      41
217      530
947      229
928      348
112      322
946      105
595      170
785      720
245      774
866      66
416      249
857      895
135      172
728      207
159      291
530      113
123      3
697      236
837      78
39      151
488      29
826      87
955      208
393      101
912      69
587      897
754      131
55      127
140      994
453      516
711      42
795      45
564      52
252      524
751      152
324      393
204      628
430      217
684      813
662      421
695      293
466      753
341      954
899      143
920      167
106      407
553      393
341      326
139      560
592      257
277      512
696      172
976      483
396      867
56      508
892      923
312      299
811      710
350      936
145      258
437      302
273      285
858      765
218      135
798      403
720      388
385      345
730      453
808      454
878      113
541      146
217      453
925      753
91      493
56      258
62      237
273      306
831      329
980      698
54      318
279      898
432      779
657      544
68      583
56      161
826      200
559      987
398      949
339      37
52      737
767      459
102      509
230      441
817      648
261      332
86      269
115      528
52      490
496      561
754      656
627      985
298      124
352      450
777      249
94      857
291      839
503      848
692      652
880      951
481      109
888      822
637      322
262      248
288      627
67      703
297      587
382      737
492      583
486      644
742      107
202      523
797      434
924      669
381      167
221      110
669      565
722      148
224      111
171      656
624      869
276      287
460      203
853      829
978      408
452      269
400      584
491      454
588      406
955      517
972      234
671      499
208      403
142      268
419      961
624      604
72      697
241      117
384      830
516      817
650      568
87      296
260      540
716      71
854      712
655      165
310      33
75      691
677      139
840      376
393      476
815      270
572      557
334      228
137      990
790      793
174      333
969      618
93      491
746      32
309      715
845      745
534      240
101      569
138      690
284      389
502      756
909      387
400      21
413      145
2      664
888      281
748      531
464      822
528      41
865      727
55      356
751      932
857      83
993      9
938      739
903      294
807      693
734      160
168      276
940      512
384      145
38      854
527      413
560      402
881      266
740      366
582      294
803      139
458      981
722      839
296      674
108      440
208      354
645      96
480      926
142      996
150      611
204      603
891      295
531      567
826      857
217      315
648      701
109      762
142      44
549      863
338      732
687      511
572      761
535      943
700      815
80      346
56      659
942      811
387      373
167      556
554      500
826      25
760      342
783      436
817      442
406      462
419      357
92      902
904      381
64      609
448      813
988      886
852      381
639      652
621      612
815      355
459      837
308      628
881      285
839      942
382      997
969      662
15      303
224      210
79      369
276      58
376      913
816      403
291      212
652      378
356      808
288      641
561      674
18      9
345      196
104      524
201      47
441      381
569      425
686      231
510      194
847      894
25      953
279      886
876      222
65      71
620      668
588      65
281      413
530      178
331      697
351      153
223      69
28      782
535      900
74      72
672      341
660      402
85      160
222      651
216      982
50      416
377      420
849      345
231      251
638      725
371      280
806      914
684      395
468      565
260      38
737      538
970      396
424      793
729      387
144      853
774      63
666      322
903      141
498      178
902      329
395      620
844      60
635      979
163      861
502      22
420      874
270      753
463      884
799      447
713      997
273      209
96      527
631      96
858      906
412      659
835      505
789      45
612      801
985      943
225      967
213      205
595      397
485      520
876      521
141      712
714      139
861      747
258      32
395      294
46      423
522      822
681      688
192      332
102      644
765      275
761      669
895      87
797      866
467      980
173      47
533      456
86      207
841      358
921      887
251      712
591      617
408      264
692      785
63      867
550      64
42      714
455      274
790      719
382      406
930      424
413      426
789      771
155      104
424      735
120      480
818      346
913      563
474      140
106      914
479      711
32      225
708      266
177      380
711      976
562      804
304      450
824      845
959      374
219      679
526      217
84      536
190      960
936      322
925      175
4      470
140      637
536      692
767      772
968      446
422      472
581      712
889      636
859      102
888      971
555      331
247      153
193      920
937      215
56      361
732      869
321      272
274      527
954      237
352      975
619      579
766      587
395      223
439      914
58      7
35      920
24      725
768      987
146      55
424      938
381      341
179      249
482      758
836      91
394      470
10      685
459      200
805      19
649      196
536      929
656      534
398      680
316      379
76      563
684      336
558      589
563      81
270      176
326      2
904      692
708      294
497      907
351      561
877      221
449      444
79      437
297      813
291      247
629      720
800      692
570      863
513      588
198      889
306      302
711      90
712      903
820      446
177      76
361      203
603      886
624      538
104      530
434      337
231      809
510      889
110      347
16      831
403      299
283      74
914      119
273      368
481      246
382      764
351      598
205      912
995      721
594      659
840      659
591      663
438      971
778      545
100      355
427      414
345      526
420      927
67      606
249      529
998      294
638      187
894      34
752      973
152      986
372      529
434      189
907      905
323      479
679      301
325      593
583      470
247      314
550      668
143      247
250      209
581      492
913      824
290      767
933      453
775      853
176      283
458      339
955      500
12      947
864      104
598      161
551      101
497      665
21      734
220      368
465      244
88      571
489      414
512      135
705      6
668      990
715      762
197      66
426      52
787      130
88      358
593      111
520      861
738      401
238      265
573      947
754      278
132      863
635      610
995      159
136      243
595      265
546      220
62      278
741      444
925      16
149      236
468      806
173      931
263      509
835      936
999      404
520      714
877      444
259      487
55      506
245      919
480      211
799      877
681      339
343      394
453      601
290      597
123      243
283      3
532      353
306      399
941      216
183      854
382      230
414      337
624      405
381      48
774      591
583      96
170      204
749      857
57      178
35      414
456      241
846      305
85      657
445      546
899      851
669      204
837      146
134      397
851      84
699      632
706      744
343      665
134      254
690      580
91      421
604      378
993      301
136      809
582      122
25      14
645      129
603      906
852      298
312      334
779      394
67      517
288      388
705      989
440      52
715      680
96      640
48      125
497      739
200      815
402      575
923      527
495      957
775      626
480      932
721      841
948      909
187      97
724      527
883      143
76      155
476      378
236      62
917      604
477      966
720      774
742      515
6      703
318      140
709      697
532      35
307      985
907      958
20      73
113      723
911      435
783      735
120      980
362      579
694      746
567      571
860      196
958      620
69      949
245      970
440      596
550      963
460      147
923      444
556      953
613      61
443      534
115      123
131      731
176      755
175      468
453      486
657      971
182      861
942      802
897      370
413      605
312      536
22      289
680      825
175      429
946      818
322      396
934      4
978      331
304      66
860      861
371      546
211      953
833      882
747      76
533      401
983      473
127      687
631      2
526      753
585      729
501      949
415      167
380      174
337      488
663      517
465      697
851      548
837      896
220      232
818      103
957      795
283      252
295      690
673      927
282      74
940      136
297      570
696      133
807      877
235      254
960      838
490      141
235      104
132      893
923      849
766      62
701      203
749      833
532      543
642      910
967      350
847      80
188      381
648      986
621      20
589      169
369      547
979      533
590      769
715      284
266      579
426      829
609      942
655      910
513      217
276      643
609      153
524      684
872      82
442      897
530      487
82      244
284      567
281      547
49      140
758      465
685      713
36      848
758      335
968      446
251      876
397      209
269      841
687      703
202      902
796      862
120      92
550      869
718      374
870      149
790      277
955      192
719      79
799      820
719      611
898      108
662      452
120      540
734      736
5      222
190      595
73      734
621      341
415      86
19      988
415      791
147      927
635      821
901      401
575      285
105      934
481      214
134      53
224      585
896      194
914      214
415      671
941      340
796      478
502      909
927      374
848      348
3      431
909      228
139      851
608      686
622      156
50      150
286      860
795      643
983      740
249      785
194      789
220      293
857      173
90      596
253      814
85      600
75      297
538      440
661      578
542      963
300      1000
185      977
28      963
716      918
232      730
702      124
572      161
818      772
809      828
813      912
954      146
403      208
782      232
193      751
679      424
957      161
519      559
561      547
746      400
143      903
118      960
742      187
294      703
379      757
623      895
851      165
474      925
108      415
536      553
323      203
724      35
656      507
617      980
223      224
500      662
775      385
269      97
653      842
263      835
907      885
143      755
505      223
425      211
925      361
141      511
879      153
721      630
365      677
312      4
102      124
520      161
458      697
289      834
334      477
202      162
102      991
5      172
58      34
594      400
267      475
146      128
407      190
194      277
879      124
335      155
258      475
64      878
635      418
671      87
278      991
802      671
432      448
214      574
611      810
995      856
864      713
362      166
655      12
730      244
739      716
530      76
129      921
58      551
670      305
506      971
8      254
796      109
805      427
861      892
144      603
830      56
106      285
393      205
548      96
711      384
891      479
822      524
788      169
256      1
783      633
343      547
937      124
964      770
33      252
150      523
28      672
152      10
915      885
163      282
490      598
883      651
172      787
46      447
170      417
254      105
610      582
248      562
684      647
789      266
544      440
438      327
459      879
548      132
393      989
973      665
156      690
131      11
946      828
302      425
996      171
794      658
451      909
555      909
982      865
276      599
590      66
112      323
114      50
112      209
998      120
90      86
558      616
627      771
97      853
411      957
321      613
14      560
70      969
515      80
874      159
358      638
647      527
728      260
317      22
382      413
144      842
279      236
189      51
414      951
533      194
704      295
891      833
839      871
367      902
45      983
741      150
404      828
663      34
450      285
247      64
739      997
33      248
158      592
197      73
841      491
802      1000
809      829
950      780
721      76
602      873
323      109
602      768
741      652
907      39
803      788
957      562
547      795
207      581
149      501
345      20
368      436
405      794
66      417
927      322
864      865
364      654
723      359
374      898
852      42
901      803
206      690
186      153
969      829
685      766
711      488
598      250
279      12
976      221
808      575
313      719
511      836
47      24
465      624
997      647
996      834
202      889
991      622
706      113
74      117
110      662
593      229
79      149
362      281
112      739
749      205
673      215
899      648
416      163
487      325
330      373
522      816
247      454
387      74
747      486
907      481
960      225
949      448
881      450
492      622
530      619
600      629
195      982
328      857
507      211
939      946
921      39
770      824
758      813
797      603
886      123
661      964
230      396
9      964
23      973
595      719
752      879
130      419
314      296
122      43
668      173
456      747
135      680
247      839
228      98
345      668
162      574
367      187
892      242
961      941
726      442
153      752
376      123
521      181
347      305
669      594
648      525
891      547
448      910
231      776
182      898
547      290
681      770
76      672
349      480
735      769
129      845
338      605
436      83
872      933
785      676
628      395
649      982
423      206
919      763
932      166
990      337
528      625
407      210
503      864
495      305
17      434
917      274
452      226
129      348
763      935
896      303
108      392
308      972
400      474
721      589
963      943
770      729
787      245
977      764
533      304
61      545
146      701
262      85
681      244
156      802
503      520
45      772
953      775
822      395
42      713
137      150
792      223
348      680
680      985
90      202
522      491
331      365
191      317
743      706
302      606
600      896
775      420
964      488
223      211
161      424
409      632
140      547
70      320
554      274
43      146
63      241
873      781
853      864
322      727
460      172
183      956
784      986
215      751
152      839
857      864
219      959
218      962
213      1000
730      879
111      482
473      315
68      485
488      98
399      63
713      167
714      793
152      498
130      796
91      676
6      381
645      898
206      883
992      492
161      617
8      585
78      20
861      897
884      930
465      382
629      429
976      616
821      539
964      780
464      59
560      248
297      534
77      685
632      440
528      218
35      618
404      281
845      885
532      856
43      444
513      262
59      846
825      23
904      87
65      134
504      171
673      279
790      350
805      94
715      187
989      735
952      894
50      675
790      632
984      219
967      271
259      52
325      479
346      144
471      529
721      925
325      23
426      812
465      977
987      960
957      583
314      104
475      267
421      395
783      929
183      39
713      383
29      390
159      427
366      710
727      158
64      804
114      259
96      908
269      307
169      919
976      752
910      193
313      836
346      149
179      205
508      632
559      815
113      727
197      759
898      398
36      960
692      182
157      299
910      802
126      23
828      311
914      827
346      661
821      324
933      366
414      976
308      457
597      429
564      275
75      262
280      588
457      259
687      249
449      549
472      251
193      667
448      924
286      515
700      17
508      280
274      344
988      860
650      223
918      3
74      110
374      813
742      515
27      125
207      17
602      258
818      435
241      913
137      794
624      717
439      609
10      453
661      241
800      984
26      502
247      887
135      965
424      998
903      512
589      977
853      40
676      632
817      694
995      519
955      734
811      436
464      40
122      21
857      212
232      709
368      753
379      555
174      882
910      176
512      807
540      611
360      747
947      290
608      639
779      719
553      690
93      556
529      227
176      285
955      149
463      113
313      861
663      852
492      379
572      724
476      595
419      70
835      975
954      213
387      691
580      462
104      876
297      970
344      877
954      465
399      296
945      88
959      542
878      14
893      947
519      793
255      321
823      232
257      759
839      156
526      581
371      816
76      95
619      754
824      148
881      533
297      145
466      532
105      39
621      149
45      766
121      480
13      44
292      995
711      391
957      435
686      338
787      897
888      359
623      102
190      1
347      861
436      45
662      883
856      565
680      317
775      816
447      623
835      202
389      780
401      323
672      239
966      998
529      101
994      240
152      76
461      411
76      732
997      327
769      729
258      620
914      418
985      846
646      849
996      156
702      279
162      95
596      364
163      628
8      95
852      919
868      288
553      132
375      840
80      962
935      353
338      703
831      864
717      386
736      51
300      961
220      624
704      463
654      12
135      841
420      693
315      966
526      45
718      25
449      179
409      92
548      663
716      611
556      226
623      626
651      536
7      627
259      403
693      736
720      485
96      25
67      962
683      419
50      311
825      430
229      635
204      209
404      624
917      67
69      206
109      384
273      261
458      127
894      388
870      69
719      819
178      192
503      329
223      753
940      251
205      254
976      962
748      435
372      144
239      645
853      334
402      834
840      781
8      313
481      463
711      322
367      73
879      361
420      872
125      276
768      52
118      358
637      573
606      55
190      929
521      370
744      296
305      84
170      412
774      988
17      376
819      227
188      867
429      320
527      537
743      536
418      575
248      353
89      552
590      730
287      745
212      329
75      278
695      856
837      167
38      69
770      226
111      708
234      510
615      939
155      17
394      441
359      575
464      52
376      527
728      775
971      692
998      132
610      349
879      275
996      897
766      951
935      75
840      161
798      781
65      132
701      852
497      804
65      32
257      275
293      478
223      202
230      532
786      440
1000      161
703      394
394      807
777      95
85      157
295      999
162      717
576      87
16      718
506      836
69      15
39      362
508      697
289      215
965      936
828      873
162      974
273      696
325      44
676      633
231      405
707      744
179      177
719      810
465      819
71      828
103      167
287      988
970      388
448      834
586      985
216      42
523      64
730      824
880      380
609      192
442      168
223      802
830      469
90      903
988      295
573      322
739      789
76      94
427      715
120      919
586      789
859      439
304      451
582      233
854      844
798      986
257      48
438      904
717      630
709      970
532      790
832      810
254      76
170      355
770      841
623      659
122      304
184      94
612      658
545      980
309      87
823      576
361      650
549      158
549      239
357      33
86      795
11      206
394      64
205      472
323      716
447      177
436      69
380      433
220      387
726      878
72      537
270      801
869      570
47      16
851      132
893      486
133      988
819      115
836      918
666      817
531      254
534      604
374      808
545      565
100      736
539      844
11      511
441      719
650      108
266      27
601      930
921      21
61      451
605      382
209      441
12      617
942      212
77      498
898      70
437      5
807      879
306      352
138      701
819      126
428      227
832      433
517      941
606      924
884      190
747      546
843      822
359      965
311      811
259      495
350      714
940      398
513      818
615      48
833      510
193      340
861      125
902      984
905      120
311      788
75      231
537      419
871      248
792      121
579      341
563      717
948      216
496      108
775      934
1000      695
196      526
893      891
356      565
136      403
219      39
744      732
264      963
5      917
106      163
338      936
965      287
32      481
146      469
959      563
932      39
63      393
687      842
333      960
11      654
450      126
366      38
277      446
335      414
689      420
670      44
281      55
418      965
215      584
875      973
764      470
909      513
306      899
374      269
773      142
374      741
975      773
885      682
531      559
252      468
602      388
193      406
321      458
757      787
708      165
882      242
283      489
462      528
674      575
821      179
623      122
859      567
981      109
478      455
373      843
777      673
140      394
85      742
239      372
947      692
795      580
669      426
377      370
586      776
350      731
456      705
225      792
419      662
166      88
636      224
423      21
621      929
530      872
752      95
998      530
527      742
559      553
679      785
81      539
854      693
905      825
299      970
382      883
804      823
399      172
498      129
902      370
882      175
938      180
701      693
2      440
174      451
405      744
811      26
367      680
317      947
510      951
930      867
851      440
458      422
235      4
998      535
757      381
164      905
342      185
583      981
144      241
660      417
977      302
767      505
504      79
748      605
946      112
337      271
346      43
936      143
640      188
579      517
136      515
992      81
131      347
676      522
3      210
460      738
191      717
894      283
558      930
686      33
641      497
76      154
153      999
347      614
672      728
205      63
363      904
57      533
228      687
807      785
135      919
834      788
738      907
164      395
319      13
880      409
526      364
720      433
843      513
102      998
136      28
352      754
683      256
197      935
711      999
667      445
328      987
371      369
872      283
229      982
655      166
421      570
39      927
431      712
413      820
302      949
899      853
880      265
859      358
309      436
478      257
462      443
779      419
763      926
771      769
29      631
288      687
794      640
454      788
606      113
418      134
246      462
303      437
592      481
471      135
119      225
766      144
643      982
179      419
229      495
616      401
592      170
776      84
858      519
384      785
457      306
582      313
987      740
166      618
918      301
732      190
303      328
139      648
150      802
708      270
821      648
2      447
977      732
618      51
930      163
185      921
661      727
293      753
192      20
773      463
389      353
461      72
680      302
305      973
219      340
602      681
841      236
231      760
118      80
259      830
429      128
116      872
188      531
388      539
514      995
344      920
297      938
694      561
15      854
187      803
102      343
90      967
18      425
9      719
267      579
758      577
752      554
654      475
556      746
118      275
157      955
707      561
574      692
987      677
471      174
230      758
299      655
15      462
575      522
85      687
762      296
831      241
63      5
76      780
367      913
999      661
708      777
585      399
720      721
353      231
789      321
366      627
758      289
550      351
633      506
223      246
872      99
82      954
365      860
967      505
515      923
547      268
411      329
551      500
308      871
651      523
820      434
991      957
291      609
225      153
863      543
418      640
9      665
67      480
790      157
238      637
266      237
951      357
519      423
593      974
68      698
797      287
673      303
589      720
550      913
238      22
826      651
572      407
257      461
567      582
519      274
643      140
234      353
222      779
564      134
531      344
501      37
243      645
807      746
731      280
515      135
720      771
857      67
623      768
628      68
153      801
268      593
588      818
653      774
341      388
525      724
216      758
51      468
922      449
371      712
246      489
358      175
692      300
694      187
456      600
926      233
486      37
352      364
539      571
713      694
822      473
511      516
878      180
170      428
701      633
856      838
410      327
355      460
220      972
645      127
490      754
804      264
272      357
320      480
676      868
432      893
279      657
925      729
191      415
303      680
8      807
459      70
139      247
174      738
727      759
403      811
99      842
664      806
773      94
567      105
973      255
296      879
867      622
76      385
496      169
628      565
968      656
112      757
484      427
27      94
86      683
843      507
77      84
351      598
673      91
522      627
912      386
788      353
207      485
343      342
148      544
150      662
816      223
810      151
906      849
678      899
118      962
130      115
221      844
558      677
86      665
700      402
122      784
975      279
597      713
843      117
369      615
418      343
12      977
669      856
553      444
724      990
748      113
340      143
959      414
439      854
346      420
330      410
759      125
351      739
819      143
763      242
649      978
122      685
633      433
574      731
77      728
727      722
27      275
260      26
511      543
175      341
400      648
71      998
211      557
15      940
357      323
380      49
345      21
979      155
921      613
17      110
458      498
740      307
592      205
247      898
976      25
571      543
917      952
432      484
441      292
171      43
317      769
209      182
957      876
10      773
306      575
545      467
139      540
103      734
390      371
256      401
7      2
357      104
243      384
928      359
543      127
967      158
185      844
783      701
832      747
465      752
392      267
146      576
805      948
501      854
265      361
931      788
776      357
187      530
848      286
52      538
615      937
647      161
100      960
153      266
839      199
142      496
653      863
610      703
4      76
536      704
685      578
981      936
511      711
567      499
655      44
280      514
165      101
230      959
435      235
484      40
943      243
115      840
703      405
522      941
300      882
270      919
678      770
442      823
863      994
63      255
45      615
886      419
655      665
82      948
488      871
964      309
337      91
622      244
777      593
177      231
200      849
921      751
97      439
693      990
142      955
157      281
173      202
101      418
967      609
190      724
537      520
860      179
716      115
362      576
680      880
664      511
685      278
183      589
145      723
307      161
782      967
847      477
643      50
119      529
154      207
742      4
298      684
840      168
275      63
482      553
598      702
622      978
623      771
810      892
995      58
944      27
572      113
600      904
739      395
753      612
980      24
950      320
93      69
29      222
849      947
972      475
81      375
588      820
546      365
952      113
906      2
894      778
635      213
635      269
842      640
590      657
273      713
930      443
736      472
847      866
555      612
339      505
941      478
481      184
794      801
571      143
81      429
100      209
1      87
574      96
923      174
250      763
541      317
295      193
814      320
177      784
37      844
978      895
852      848
919      852
482      970
961      987
87      719
332      747
688      867
516      342
762      225
634      318
523      680
223      903
100      202
560      988
850      169
423      274
348      56
18      27
487      972
941      424
349      838
258      302
621      366
673      523
59      244
322      149
472      246
951      560
140      481
175      314
176      422
461      61
688      908
151      536
789      643
794      490
465      652
691      76
523      82
136      810
451      740
429      646
184      483
611      848
844      123
387      94
73      951
64      948
941      661
650      153
464      747
6      893
998      189
699      210
176      749
311      823
181      637
800      19
774      531
23      388
599      786
191      380
530      473
76      268
645      34
942      968
699      177
620      655
785      727
733      221
62      794
369      798
621      378
654      609
24      531
728      295
514      594
576      527
886      86
596      664
406      813
279      242
276      576
399      33
916      883
677      951
434      525
18      452
448      264
388      613
224      582
80      462
360      361
321      629
163      540
182      653
995      67
898      603
885      971
77      625
101      240
264      341
248      882
702      221
777      827
662      793
835      919
52      748
581      240
471      712
651      526
261      246
33      151
307      71
579      480
937      746
479      848
298      763
332      669
113      195
140      86
694      394
941      132
168      894
61      606
189      846
875      1000
493      703
11      14
285      842
633      314
543      745
983      688
766      988
833      595
727      325
478      606
963      667
569      297
609      47
845      69
696      489
463      758
994      405
765      468
85      136
597      326
747      729
152      356
537      910
973      551
764      532
673      727
175      434
164      800
561      251
432      298
940      326
219      164
320      852
531      69
750      101
825      630
897      799
622      583
518      948
946      588
60      582
699      780
926      314
570      566
814      719
858      337
828      825
626      246
851      670
282      4
45      244
74      992
85      934
53      230
530      857
188      952
11      623
712      114
229      935
703      600
466      246
463      141
716      926
201      241
456      273
685      421
445      571
875      878
611      922
154      868
400      635
809      286
949      417
754      173
144      812
15      465
179      116
796      195
809      681
812      912
921      57
712      710
739      76
914      814
879      816
200      783
477      356
419      11
478      611
655      736
674      375
421      325
187      446
740      286
591      502
719      558
539      601
280      273
634      117
241      627
285      315
59      968
252      873
615      281
427      678
290      792
839      434
727      736
448      536
300      843
745      952
709      746
570      117
239      315
439      488
493      530
481      383
895      198
810      742
801      950
630      968
688      992
69      562
566      534
308      436
438      414
52      429
308      997
522      194
699      767
989      210
890      741
559      33
897      323
90      63
181      221
388      21
91      37
117      915
145      292
365      529
336      835
251      808
358      172
888      491
400      410
649      895
292      945
979      157
628      996
865      848
223      898
769      976
329      923
309      665
195      756
382      944
589      837
162      332
936      92
398      29
712      64
615      299
334      459
937      469
236      204
995      837
50      441
514      21
733      542
305      824
615      156
394      903
402      809
959      694
917      79
161      75
753      748
234      218
622      358
126      448
806      888
579      122
771      206
193      408
660      849
780      972
858      303
287      585
497      290
283      18
523      995
894      441
950      971
982      272
814      670
820      727
565      484
853      699
510      29
339      383
321      497
859      897
472      505
608      99
616      973
693      965
996      411
975      804
708      449
104      625
786      343
824      848
125      716
982      123
430      627
941      619
808      217
474      563
557      758
393      224
123      622
590      329
77      347
785      247
542      729
316      945
616      165
38      871
634      35
74      504
281      170
481      818
725      782
347      749
564      731
581      125
100      16
613      355
370      375
33      590
424      120
117      355
282      461
531      574
369      885
20      356
409      568
365      863
533      12
613      781
714      154
794      373
785      760
84      6
278      116
657      662
358      761
112      813
733      33
529      476
717      152
449      628
59      792
995      487
979      7
178      221
515      713
163      348
837      706
807      784
247      508
23      635
404      298
344      993
781      407
325      890
418      78
36      645
490      447
297      205
947      482
246      490
139      339
300      135
725      410
931      20
383      237
37      840
583      397
697      900
950      442
44      110
605      188
746      569
620      791
129      997
802      569
942      617
310      652
81      666
283      331
556      605
867      354
913      593
579      982
793      114
563      302
728      924
465      861
894      197
595      5
905      612
682      130
510      316
231      624
382      543
461      769
893      553
150      335
94      666
82      90
817      39
434      855
183      247
394      558
101      397
540      742
395      22
466      823
489      336
843      515
703      468
351      122
450      634
886      112
991      600
770      605
448      327
325      18
243      507
196      571
698      44
419      901
333      93
915      101
227      481
118      738
208      157
699      240
896      557
109      594
130      775
382      619
184      950
240      641
746      732
124      495
674      664
236      710
258      472
794      903
385      770
628      751
709      933
951      519
595      223
744      31
690      970
138      799
165      152
25      234
814      983
837      103
200      340
58      549
326      264
876      162
351      465
40      592
306      688
102      261
286      162
307      541
570      573
34      126
420      993
82      520
181      768
275      823
625      851
450      374
28      995
261      178
352      873
464      560
675      458
341      828
438      411
633      343
152      797
995      132
296      588
225      999
