100  778
74      17
21      98
69      41
23      65
98      49
11      7
5      47
85      27
50      39
63      65
4      96
51      84
7      55
87      1
25      53
92      16
93      19
95      62
28      89
46      90
64      40
64      40
27      45
48      10
61      36
80      85
73      97
91      42
54      63
23      88
93      27
25      80
2      44
15      79
63      65
17      66
41      22
53      58
2      25
44      22
86      61
81      72
47      26
100      14
43      25
77      7
88      73
48      61
66      47
53      16
9      30
54      37
67      92
76      90
14      6
19      63
71      59
38      65
58      37
86      66
10      64
12      65
33      51
65      77
37      96
50      62
31      72
41      15
84      89
99      31
54      62
86      99
37      9
91      37
3      59
16      84
67      52
92      7
33      89
83      79
31      68
97      33
88      59
40      61
14      6
9      14
27      23
21      43
24      100
49      48
57      80
20      6
26      70
49      20
72      31
16      35
25      18
6      73
40      63
37      6
20      58
47      71
48      35
60      100
53      47
11      54
1      68
72      50
19      33
88      53
85      29
46      53
65      91
86      37
57      100
33      98
42      25
44      89
6      36
62      21
98      10
97      69
51      91
45      31
87      65
95      70
92      82
89      2
24      14
36      70
72      58
52      81
7      20
72      6
20      83
44      54
53      10
7      16
58      65
83      53
88      39
41      34
66      80
59      40
91      31
68      63
96      49
82      39
73      42
43      3
19      36
14      79
28      42
70      85
59      1
77      68
11      7
91      35
43      25
18      61
60      71
10      93
3      84
6      44
91      40
38      91
98      99
32      20
84      90
93      41
61      25
85      5
61      36
39      18
26      59
60      24
25      86
83      20
53      21
58      37
97      5
59      88
10      80
66      98
86      31
96      76
48      7
97      38
8      10
20      30
76      80
95      49
56      6
14      44
75      94
8      88
39      1
41      86
43      79
83      11
8      97
36      9
45      8
42      61
89      21
38      5
8      9
47      24
31      41
71      68
80      28
40      43
61      5
77      71
4      19
76      53
4      75
20      53
100      85
92      37
97      34
18      31
19      94
34      1
100      11
71      44
1      48
96      25
90      64
85      21
65      10
29      67
29      69
20      4
64      60
98      42
10      77
35      42
100      23
6      53
25      15
36      2
98      100
10      86
28      19
56      21
15      82
82      77
70      87
12      97
2      54
45      4
98      9
1      88
72      8
40      98
17      25
56      12
34      81
75      27
74      41
98      86
2      17
2      59
45      6
25      17
33      47
17      72
91      86
48      54
74      89
20      14
19      94
91      51
97      91
43      42
40      50
47      73
45      89
86      38
36      54
14      39
30      67
42      84
67      81
1      27
75      66
38      40
97      53
95      82
69      74
38      97
71      79
80      38
44      71
62      32
65      18
79      85
21      90
48      26
84      97
59      36
10      31
69      40
2      99
38      42
83      69
31      83
1      11
52      20
56      95
2      15
39      18
85      21
13      3
38      17
8      58
14      77
20      95
26      11
1      10
20      3
49      54
72      88
51      55
12      4
49      5
6      78
82      71
3      7
18      80
49      1
78      29
70      9
24      68
29      7
40      53
95      76
59      56
63      20
17      42
26      38
46      89
45      9
69      56
13      100
49      79
45      22
97      5
16      1
39      56
22      70
14      26
17      94
52      26
57      79
31      93
60      69
92      55
68      20
6      13
79      48
65      78
78      80
87      51
27      32
97      92
84      90
55      21
1      57
77      29
5      77
53      55
58      10
2      67
15      95
84      75
38      39
91      71
15      56
7      94
92      48
97      32
45      17
67      54
23      64
1      54
5      31
80      84
10      4
41      88
50      43
23      49
41      100
87      11
38      80
85      71
49      83
43      8
3      18
90      42
4      100
13      99
15      23
46      85
46      89
32      88
8      2
99      40
88      87
88      46
5      90
60      28
16      65
53      64
35      89
76      53
3      89
88      9
68      99
88      65
13      79
48      37
3      10
48      35
4      46
47      41
89      93
54      32
69      3
64      68
76      99
53      53
12      42
87      88
95      50
43      12
99      30
21      88
81      42
62      26
35      39
43      17
37      85
34      72
6      61
82      68
12      46
85      25
7      56
62      44
62      97
61      75
77      11
98      90
23      26
57      86
76      55
56      85
79      7
60      31
41      47
27      96
21      92
76      46
45      62
12      65
87      34
79      33
98      90
19      65
28      14
33      79
92      93
84      40
37      37
80      46
89      4
6      75
20      60
26      18
29      18
77      54
3      78
14      11
50      3
17      2
74      67
18      39
77      14
52      22
72      77
62      39
66      5
56      3
97      22
75      17
7      22
42      13
42      54
48      64
70      25
20      49
27      71
32      88
2      34
95      46
75      77
58      85
73      10
44      98
59      18
43      41
92      22
43      76
48      49
83      97
80      77
99      62
92      16
51      42
15      52
38      30
56      59
64      45
21      22
39      78
24      8
26      93
71      63
47      45
36      15
13      77
14      22
38      69
92      25
91      72
64      70
60      16
21      6
28      54
30      6
64      41
58      29
24      38
32      21
62      30
11      64
48      76
20      26
42      29
37      86
33      30
30      49
83      9
99      70
66      1
44      53
36      32
74      23
17      6
75      20
77      80
37      36
82      79
8      74
7      64
85      55
71      89
36      88
67      86
10      60
66      33
60      56
11      23
72      60
98      81
1      35
4      32
78      52
69      5
24      25
48      28
85      64
18      4
2      77
29      9
78      46
72      38
53      3
60      62
79      39
37      62
29      95
70      40
26      18
4      91
15      21
26      7
13      38
50      72
45      16
40      7
82      10
24      61
44      45
39      37
96      68
95      77
35      99
8      25
96      52
38      60
70      63
32      99
37      64
40      28
64      91
29      68
12      63
71      41
63      8
13      72
35      51
49      14
84      45
45      6
33      89
25      80
4      18
83      89
36      25
14      40
67      8
56      3
62      73
75      91
68      73
2      82
76      57
73      67
23      26
90      9
13      9
84      68
25      27
2      29
39      99
50      17
39      91
76      14
64      28
73      90
58      99
45      9
39      12
68      21
16      29
22      89
56      100
3      75
85      98
34      31
14      53
58      94
2      70
46      76
28      24
45      66
70      68
22      3
47      42
91      74
3      52
22      97
97      38
2      82
5      3
90      75
33      52
83      35
18      50
53      88
8      30
64      4
46      57
62      14
13      74
56      97
29      76
54      7
61      8
88      20
59      5
3      97
88      34
62      57
31      74
1      84
77      36
32      87
80      9
1      4
81      20
17      23
65      12
56      25
48      89
83      37
14      40
52      69
82      33
33      92
87      36
56      10
91      4
19      12
64      9
10      78
71      56
60      35
51      97
11      29
18      77
18      62
79      38
22      7
28      12
70      99
76      25
99      59
50      61
71      26
40      65
58      96
30      66
79      9
11      59
85      73
39      32
21      54
16      81
85      62
54      62
43      18
77      61
56      80
85      7
77      69
90      48
60      22
20      55
48      42
14      89
42      34
86      2
16      42
12      61
16      40
20      62
82      37
75      75
23      83
78      98
66      66
29      87
77      100
15      81
45      54
35      80
39      60
56      15
63      65
11      40
91      7
73      69
98      37
48      44
