100 500
1 2
2 3
3 4
4 5
5 6
6 7
7 8
8 9
9 10
10 11
11 12
12 13
13 14
14 15
15 16
16 17
17 18
18 19
19 20
20 21
21 22
22 23
23 24
24 25
25 26
26 27
27 28
28 29
29 30
30 31
31 32
32 33
33 34
34 35
35 36
36 37
37 38
38 39
39 40
40 41
41 42
42 43
43 44
44 45
45 46
46 47
47 48
48 49
49 50
50 51
51 52
52 53
53 54
54 55
55 56
56 57
57 58
58 59
59 60
60 61
61 62
62 63
63 64
64 65
65 66
66 67
67 68
68 69
69 70
70 71
71 72
72 73
73 74
74 75
75 76
76 77
77 78
78 79
79 80
80 81
81 82
82 83
83 84
84 85
85 86
86 87
87 88
88 89
89 90
90 91
91 92
92 93
93 94
94 95
95 96
96 97
97 98
98 99
99 100
100 1
1 31
31 1
2 32
32 2
3 33
33 3
4 34
34 4
5 35
35 5
6 36
36 6
7 37
37 7
8 38
38 8
9 39
39 9
10 40
40 10
11 41
41 11
12 42
42 12
13 43
43 13
14 44
44 14
15 45
45 15
16 46
46 16
17 47
47 17
18 48
48 18
19 49
49 19
20 50
50 20
21 51
51 21
22 52
52 22
23 53
53 23
24 54
54 24
25 55
55 25
26 56
56 26
27 57
57 27
28 58
58 28
29 59
59 29
30 60
60 30
31 61
61 31
32 62
62 32
33 63
63 33
34 64
64 34
35 65
65 35
36 66
66 36
37 67
67 37
38 68
68 38
39 69
69 39
40 70
70 40
41 71
71 41
42 72
72 42
43 73
73 43
44 74
74 44
45 75
75 45
46 76
76 46
47 77
77 47
48 78
78 48
49 79
79 49
50 80
80 50
51 81
81 51
52 82
82 52
53 83
83 53
54 84
84 54
55 85
85 55
56 86
86 56
57 87
87 57
58 88
88 58
59 89
89 59
60 90
90 60
61 91
91 61
62 92
92 62
63 93
93 63
64 94
94 64
65 95
95 65
66 96
96 66
67 97
97 67
68 98
98 68
69 99
99 69
70 100
100 70
71 1
1 71
72 2
2 72
73 3
3 73
74 4
4 74
75 5
5 75
76 6
6 76
77 7
7 77
78 8
8 78
79 9
9 79
80 10
10 80
81 11
11 81
82 12
12 82
83 13
13 83
84 14
14 84
85 15
15 85
86 16
16 86
87 17
17 87
88 18
18 88
89 19
19 89
90 20
20 90
91 21
21 91
92 22
22 92
93 23
23 93
94 24
24 94
95 25
25 95
96 26
26 96
97 27
27 97
98 28
28 98
99 29
29 99
100 30
30 100
1 46
46 1
2 47
47 2
3 48
48 3
4 49
49 4
5 50
50 5
6 51
51 6
7 52
52 7
8 53
53 8
9 54
54 9
10 55
55 10
11 56
56 11
12 57
57 12
13 58
58 13
14 59
59 14
15 60
60 15
16 61
61 16
17 62
62 17
18 63
63 18
19 64
64 19
20 65
65 20
21 66
66 21
22 67
67 22
23 68
68 23
24 69
69 24
25 70
70 25
26 71
71 26
27 72
72 27
28 73
73 28
29 74
74 29
30 75
75 30
31 76
76 31
32 77
77 32
33 78
78 33
34 79
79 34
35 80
80 35
36 81
81 36
37 82
82 37
38 83
83 38
39 84
84 39
40 85
85 40
41 86
86 41
42 87
87 42
43 88
88 43
44 89
89 44
45 90
90 45
46 91
91 46
47 92
92 47
48 93
93 48
49 94
94 49
50 95
95 50
51 96
96 51
52 97
97 52
53 98
98 53
54 99
99 54
55 100
100 55
56 1
1 56
57 2
2 57
58 3
3 58
59 4
4 59
60 5
5 60
61 6
6 61
62 7
7 62
63 8
8 63
64 9
9 64
65 10
10 65
66 11
11 66
67 12
12 67
68 13
13 68
69 14
14 69
70 15
15 70
71 16
16 71
72 17
17 72
73 18
18 73
74 19
19 74
75 20
20 75
76 21
21 76
77 22
22 77
78 23
23 78
79 24
24 79
80 25
25 80
81 26
26 81
82 27
27 82
83 28
28 83
84 29
29 84
85 30
30 85
86 31
31 86
87 32
32 87
88 33
33 88
89 34
34 89
90 35
35 90
91 36
36 91
92 37
37 92
93 38
38 93
94 39
39 94
95 40
40 95
96 41
41 96
97 42
42 97
98 43
43 98
99 44
44 99
100 45
45 100
