100  297
1      2
1      3
3      4
3      5
2      6
3      7
2      8
6      9
5      10
5      11
8      12
10      13
8      14
13      15
6      16
3      17
1      18
16      19
6      20
17      21
7      22
15      23
3      24
8      25
14      26
6      27
27      28
24      29
4      30
29      31
24      32
3      33
5      34
10      35
20      36
5      37
31      38
8      39
37      40
35      41
20      42
26      43
26      44
13      45
27      46
29      47
36      48
18      49
47      50
19      51
41      52
28      53
7      54
42      55
2      56
46      57
43      58
20      59
46      60
9      61
6      62
42      63
24      64
16      65
2      66
22      67
15      68
21      69
51      70
38      71
71      72
31      73
63      74
10      75
57      76
6      77
69      78
63      79
76      80
9      81
37      82
9      83
39      84
49      85
84      86
29      87
61      88
4      89
1      90
70      91
65      92
17      93
45      94
85      95
7      96
35      97
41      98
57      99
6      100
65      17
68      93
57      73
55      91
75      48
15      49
36      90
11      10
71      41
10      43
33      45
32      18
70      75
76      10
50      30
26      48
64      62
96      41
40      88
28      67
61      4
53      42
97      6
27      87
50      55
20      48
57      27
90      47
34      64
35      81
16      81
69      71
75      90
94      88
16      45
75      27
84      6
29      19
94      57
45      73
43      92
31      57
70      10
26      81
60      50
98      97
91      35
70      90
23      9
34      69
69      33
61      40
4      83
5      26
93      12
16      87
45      22
43      68
25      84
92      53
9      42
12      14
45      43
33      8
42      87
28      22
32      50
1      62
14      83
56      28
98      46
98      63
85      54
87      19
65      52
80      66
52      94
20      31
26      42
52      22
50      43
99      31
76      82
80      16
63      65
77      48
30      47
61      33
36      52
55      92
94      73
79      1
91      85
95      46
30      83
7      4
53      76
88      90
68      73
66      71
48      3
37      59
68      2
57      25
24      9
59      100
30      69
95      58
32      72
82      52
39      34
78      96
98      74
10      46
22      46
63      91
6      13
97      99
18      80
2      60
59      3
72      95
78      5
54      33
46      52
11      55
59      47
75      95
77      31
2      98
85      66
95      94
46      49
74      41
17      45
54      69
27      3
27      59
31      21
52      31
57      84
85      25
26      49
87      14
18      21
24      14
73      60
95      22
77      66
54      92
76      88
40      6
2      35
49      12
59      62
97      20
51      78
23      74
59      60
41      55
100      90
20      94
3      67
71      97
28      51
5      73
30      41
6      5
64      46
14      56
49      59
39      9
93      73
86      65
42      94
12      29
79      50
97      19
3      100
38      94
80      81
58      41
87      39
18      8
70      74
31      43
96      26
96      89
4      48
62      9
12      5
66      56
69      23
2      81
34      89
92      71
19      92
80      56
