1000 5000
863 257 6
804 32 6
24 628 2
5 66 4
402 301 5
189 754 6
657 889 3
606 93 4
10 244 8
36 264 3
223 537 8
645 671 9
394 130 4
458 591 10
599 627 10
657 471 8
14 93 5
706 131 10
682 80 7
630 423 7
347 754 3
406 732 3
498 438 10
820 992 7
530 458 7
962 268 3
556 768 2
627 532 7
361 339 4
385 53 8
617 99 8
532 550 10
830 146 3
515 987 9
849 780 2
810 25 5
577 942 10
865 510 6
38 30 5
823 34 6
332 280 6
7 618 2
402 184 7
491 276 5
866 469 3
552 789 7
813 676 2
183 336 1
10 262 2
193 412 1
429 114 4
575 478 7
414 639 10
732 98 3
627 387 1
677 340 10
813 531 10
326 646 5
32 738 7
187 313 7
880 760 10
891 841 7
778 406 3
760 213 5
557 310 4
485 776 7
61 355 7
883 832 6
815 682 4
908 372 5
890 374 7
269 469 7
758 569 5
175 12 2
917 984 7
471 281 10
512 776 1
241 876 3
775 587 10
77 453 7
35 471 8
544 293 7
57 128 7
546 157 1
422 966 9
648 280 8
472 930 9
554 323 3
300 543 3
365 463 10
755 740 2
175 308 9
156 746 3
477 914 8
237 149 5
826 318 5
296 440 9
548 860 8
792 548 2
627 500 8
40 543 10
786 312 8
63 255 3
51 183 1
802 51 4
32 676 1
119 942 9
398 994 8
456 997 2
696 960 1
162 285 5
486 425 7
902 101 9
339 322 2
953 695 10
211 510 3
47 27 3
420 721 4
237 486 10
326 0 2
4 427 9
466 108 9
545 408 2
820 962 10
312 486 1
140 903 10
495 268 4
271 660 3
186 156 2
413 754 2
548 795 10
303 865 10
968 311 9
592 390 7
602 466 4
943 6 4
949 963 5
125 612 1
810 76 3
388 195 9
215 482 7
562 300 5
714 909 5
680 512 7
687 211 4
661 95 10
177 306 1
717 278 10
414 10 8
446 202 9
294 829 8
709 408 7
696 610 4
403 496 2
135 980 8
93 157 5
104 574 9
835 66 6
964 73 6
657 636 6
32 80 2
828 758 7
312 541 9
906 203 8
99 720 9
201 921 9
775 790 5
132 822 5
778 957 9
620 954 9
42 472 8
876 568 1
255 945 5
441 701 10
691 345 10
822 983 1
889 462 3
724 865 3
486 957 4
972 553 6
725 375 2
601 262 3
662 569 9
522 670 7
925 289 2
122 751 5
456 467 5
414 786 2
272 304 5
878 336 7
680 398 5
53 201 10
870 541 7
197 524 1
213 709 10
217 838 8
14 444 3
833 814 8
266 110 10
422 209 4
246 468 4
631 993 5
147 358 1
674 948 8
870 503 2
691 22 8
201 843 6
284 97 3
953 98 4
674 906 5
804 653 8
757 227 8
234 310 8
210 178 3
683 279 7
195 879 1
695 428 9
460 837 9
737 234 7
317 645 5
941 398 8
90 268 8
271 529 4
248 536 7
559 873 7
428 176 9
513 719 10
639 214 8
668 329 8
500 80 1
927 197 1
592 869 4
181 141 10
442 365 10
850 728 10
611 469 1
351 721 4
932 709 7
704 848 4
598 363 3
123 202 9
76 992 5
245 116 5
900 232 2
944 219 4
915 314 7
335 10 6
643 437 7
562 510 3
820 190 8
341 219 8
836 314 5
833 150 3
970 803 3
469 180 5
396 211 6
112 392 6
172 326 3
751 983 3
489 719 10
753 617 5
671 52 7
154 336 2
688 670 2
706 499 4
371 378 4
802 596 8
747 69 2
198 905 10
86 268 2
500 620 3
648 200 7
306 426 4
165 438 9
703 496 3
452 27 10
635 642 7
338 154 9
752 336 4
390 767 2
745 611 5
296 822 3
193 804 6
807 181 3
58 594 5
690 9 1
949 539 6
351 713 10
917 493 6
170 403 4
604 522 8
610 157 7
409 114 5
525 998 9
655 611 10
281 663 2
50 323 10
44 381 10
720 597 2
877 57 9
799 645 6
383 935 1
393 299 4
318 581 8
459 583 1
299 904 6
54 389 7
113 178 7
343 447 1
58 821 2
488 603 2
288 175 1
9 688 7
882 962 3
56 249 4
115 42 7
243 552 1
990 505 10
421 428 8
67 91 6
177 909 4
466 410 6
563 595 10
495 27 3
592 647 8
555 330 2
786 89 7
255 189 7
464 976 2
386 513 10
479 816 3
670 221 9
847 664 8
122 291 2
986 120 1
916 245 9
666 413 8
360 362 8
909 669 6
304 360 5
864 454 10
200 392 7
932 416 10
493 33 10
741 425 10
839 813 8
454 196 4
619 436 1
536 650 1
835 465 7
263 585 9
638 232 6
489 315 2
79 350 2
265 46 7
323 271 7
91 460 5
331 155 7
502 616 9
566 890 8
698 679 6
73 825 7
559 263 2
765 756 3
973 18 6
892 167 6
480 441 9
724 10 1
679 1 4
169 441 9
366 878 8
680 146 6
556 600 8
822 130 3
515 689 4
233 754 7
945 714 2
962 338 1
219 469 5
81 886 8
862 237 5
178 547 6
119 538 9
121 819 6
804 457 8
85 489 4
240 625 4
187 620 7
964 202 6
181 68 6
498 678 3
877 354 9
251 639 2
459 825 7
464 892 4
485 492 7
218 982 6
22 347 9
743 962 9
295 159 9
217 958 7
7 33 5
803 16 6
319 839 9
283 631 6
724 641 7
287 406 3
244 652 3
844 328 4
447 482 10
73 330 5
219 185 7
319 446 8
131 863 4
562 363 4
788 342 5
468 733 3
667 598 8
779 783 8
804 326 8
125 998 10
966 280 10
564 886 2
439 899 1
929 933 7
714 411 4
143 809 10
489 862 3
794 868 8
812 322 5
193 602 3
793 403 9
721 176 1
938 406 3
249 321 10
834 713 2
744 183 7
870 822 9
681 825 7
221 136 3
32 500 8
576 49 7
234 13 5
127 972 9
104 591 2
654 12 3
974 770 7
484 207 4
918 845 2
586 591 7
229 34 1
551 707 8
34 737 10
808 761 7
2 698 2
454 813 6
61 253 10
3 107 3
622 657 4
973 381 9
456 296 2
611 121 10
898 958 1
62 27 2
880 532 2
261 189 5
315 789 7
371 100 8
248 780 10
431 534 7
750 469 4
521 754 10
182 224 6
759 253 1
723 377 1
130 91 4
511 157 2
311 255 4
582 410 1
238 696 7
550 557 6
447 670 8
138 45 5
22 511 3
879 751 10
232 466 9
623 566 7
566 323 4
986 676 4
992 749 9
107 193 10
245 823 5
170 191 4
886 572 2
493 377 10
395 41 9
972 871 10
484 280 6
157 167 4
311 260 7
701 75 8
652 268 6
295 688 10
171 135 8
468 249 7
289 672 8
223 115 6
582 458 4
31 580 2
220 876 5
247 326 8
597 303 3
281 801 1
535 688 2
837 765 5
926 917 5
216 589 7
985 520 7
208 679 5
586 65 3
980 566 5
975 229 1
993 548 6
932 14 10
443 84 1
83 350 9
399 127 2
235 436 10
873 411 3
275 972 9
59 948 10
578 316 6
996 519 9
553 396 8
43 413 1
208 418 6
678 579 5
827 328 7
306 519 8
608 844 10
811 839 2
519 846 1
573 532 5
150 808 5
563 836 3
877 546 10
545 902 7
955 403 6
113 302 9
568 878 7
681 335 8
918 363 2
384 511 8
378 615 2
964 160 10
256 327 6
383 539 4
547 51 3
900 868 10
299 5 4
499 893 9
591 238 1
834 751 8
96 897 5
114 404 3
473 12 5
317 881 3
83 751 5
183 386 5
648 215 5
769 1 6
44 678 2
441 314 5
60 690 7
844 440 10
828 341 9
503 460 5
797 254 4
69 755 6
833 763 3
710 727 5
353 993 3
606 556 6
830 438 10
906 459 5
423 767 6
233 198 7
891 917 1
169 689 9
469 904 4
840 236 2
718 58 2
508 945 5
954 696 3
660 741 6
437 487 8
321 687 5
1 741 5
352 486 4
528 42 1
892 673 6
252 667 3
791 92 8
710 444 8
604 785 4
433 99 7
200 972 10
747 580 8
337 59 5
947 10 1
90 945 1
643 625 5
243 803 4
975 925 3
867 25 10
119 701 3
701 453 8
873 865 8
747 613 6
27 838 4
727 834 1
883 321 4
814 731 5
657 646 2
379 298 2
914 456 4
24 858 7
668 778 5
983 403 4
517 806 4
545 305 10
732 56 4
529 350 8
747 711 2
376 309 2
610 226 7
712 937 7
200 454 8
340 589 5
424 904 3
118 902 1
307 336 7
598 563 1
151 419 7
244 463 8
391 581 1
779 82 4
325 740 6
277 995 2
876 729 9
470 135 4
178 308 5
164 800 7
690 441 2
403 958 1
135 261 7
962 46 1
538 521 9
639 81 7
931 198 6
926 349 8
400 696 1
444 103 8
730 4 9
528 756 1
633 830 4
912 199 9
683 76 5
761 62 9
533 742 5
581 472 4
230 646 5
698 609 6
850 718 10
668 631 9
119 12 3
501 278 7
557 630 6
571 236 5
619 464 8
991 56 8
253 812 10
759 81 3
141 916 4
580 129 1
445 756 10
603 927 4
140 228 2
837 408 8
902 238 8
815 383 1
916 438 2
956 112 6
95 450 7
844 595 2
575 666 6
392 486 5
955 854 4
420 495 2
79 709 2
51 915 8
709 440 6
919 192 5
873 232 2
40 577 3
450 119 10
840 383 8
849 143 10
490 84 6
532 835 8
351 129 7
853 748 10
87 127 4
222 924 10
513 582 6
0 162 3
67 257 8
49 895 6
410 956 4
485 797 8
913 411 8
154 741 6
451 784 7
781 991 9
627 73 3
374 246 4
999 257 3
734 935 1
3 970 3
683 538 7
399 153 10
216 378 7
946 68 4
588 215 1
798 785 2
62 364 5
421 288 4
1 694 7
927 807 7
655 305 7
863 478 2
801 304 3
147 383 7
208 356 1
256 517 6
581 638 9
296 499 3
327 745 1
189 819 4
730 614 4
844 32 4
525 239 6
577 85 7
978 0 4
191 967 4
552 445 2
521 994 1
328 544 6
799 389 2
491 70 8
573 266 8
935 558 2
885 552 10
892 831 6
794 525 1
126 632 1
461 847 5
657 326 7
140 98 5
770 929 8
228 604 5
863 709 2
576 823 7
72 810 7
83 72 9
943 789 3
983 439 5
909 534 4
488 524 5
86 143 10
62 67 9
52 764 10
68 424 5
233 331 10
338 912 9
635 173 9
551 185 6
434 252 9
537 290 1
450 197 5
369 20 3
931 971 1
331 451 4
66 566 8
402 177 6
949 336 3
127 371 5
350 751 5
378 958 2
948 496 6
810 333 5
961 19 7
531 210 3
91 465 1
313 595 10
532 837 8
514 250 6
342 161 5
647 879 7
338 897 8
446 204 4
729 870 2
154 406 9
626 710 9
471 758 7
764 559 10
608 985 1
991 983 4
384 130 10
791 31 4
814 874 7
384 504 4
168 472 9
161 682 3
945 409 7
600 469 5
955 752 4
512 145 8
133 34 8
833 135 3
63 554 5
22 128 5
522 668 2
818 679 6
113 893 6
648 247 7
734 367 2
698 292 5
525 808 9
226 534 9
637 26 6
296 721 10
877 272 1
587 795 2
981 279 2
16 127 1
377 935 4
730 358 7
734 885 2
540 674 9
965 149 4
435 107 8
438 697 9
581 190 5
434 15 9
418 152 10
690 136 3
685 73 8
195 24 7
730 77 6
0 749 2
923 52 4
624 536 6
0 785 7
945 123 6
41 203 7
928 336 7
442 12 9
948 294 7
13 540 6
920 103 8
783 344 2
348 420 5
107 692 1
225 188 3
682 489 2
635 235 6
12 900 8
958 32 5
96 300 6
936 662 6
813 297 1
67 967 5
298 692 3
580 264 9
222 83 1
905 931 5
577 760 4
946 988 9
789 293 2
759 135 8
725 193 8
292 712 1
711 139 8
651 435 7
672 751 4
522 637 10
43 698 5
398 632 10
477 556 6
285 301 9
283 856 3
759 609 3
599 633 3
193 769 7
623 372 10
326 115 5
897 462 10
856 933 8
720 344 8
409 868 9
537 797 8
324 921 9
854 754 7
765 212 6
944 782 3
204 381 5
631 194 2
538 914 9
674 86 8
959 89 4
109 85 6
129 446 4
710 177 5
85 600 5
986 904 8
986 855 10
2 695 7
674 16 7
347 0 10
791 648 8
812 635 7
414 543 3
374 909 2
373 411 6
737 615 2
368 620 10
121 758 7
201 562 2
979 540 9
825 849 3
624 936 9
344 159 8
482 742 8
867 633 2
19 872 4
174 927 4
337 813 2
265 883 5
363 671 4
785 232 5
2 462 3
754 851 10
623 837 5
135 964 1
304 680 3
432 424 7
639 694 4
923 824 1
16 540 7
917 342 3
756 641 3
85 933 3
925 60 9
51 89 2
234 142 9
111 130 3
814 565 2
756 275 10
652 823 7
861 357 3
725 896 9
904 52 5
594 15 2
205 317 10
966 498 8
459 700 9
425 407 3
517 117 2
225 324 3
585 807 4
903 392 2
522 327 5
156 581 3
921 373 10
977 993 6
156 395 6
129 44 5
215 52 7
636 857 5
856 418 7
585 170 8
981 228 2
852 544 1
606 627 6
179 469 5
193 470 8
588 704 2
41 793 4
732 880 4
945 385 5
532 177 7
158 399 7
763 54 6
866 81 2
888 882 7
421 610 3
353 702 10
632 21 1
18 971 6
867 218 5
595 384 2
751 572 7
806 886 7
712 732 3
605 294 9
768 125 8
190 917 4
317 911 1
436 959 2
647 825 2
970 254 6
541 761 10
622 822 9
393 662 1
255 555 5
669 94 5
641 8 9
578 802 6
56 575 6
71 628 7
814 746 3
196 441 8
989 138 10
873 677 1
394 297 3
899 12 1
783 444 10
355 506 2
928 948 7
61 128 6
596 416 4
238 433 2
693 133 3
159 767 2
862 743 3
72 764 7
616 542 4
930 613 4
546 509 3
261 966 5
180 46 10
564 610 9
488 833 5
168 426 3
725 955 3
915 560 4
623 101 4
999 209 9
13 642 9
508 74 1
378 478 1
397 967 9
233 513 3
57 825 4
779 573 9
489 667 10
212 359 10
856 698 1
658 682 9
349 714 3
462 346 5
159 384 8
498 314 2
937 463 6
809 807 5
917 411 7
568 399 7
766 938 2
297 751 5
604 59 3
74 709 10
872 930 2
911 965 9
291 532 4
856 333 10
491 319 4
698 333 9
287 214 2
257 858 9
214 776 6
249 598 8
73 761 1
637 457 5
238 198 1
96 969 7
635 515 1
666 301 8
154 572 5
790 858 1
635 175 3
814 776 4
77 829 9
952 955 4
785 338 10
64 949 9
16 560 6
580 513 8
997 188 2
595 457 5
398 113 3
813 959 6
578 281 9
384 290 10
210 15 9
23 311 4
966 82 1
583 927 10
267 974 2
96 416 5
483 684 1
418 30 4
88 249 2
354 209 4
79 852 4
366 477 4
439 462 5
632 428 2
110 68 2
335 944 6
441 189 1
659 375 8
993 966 1
526 753 8
424 31 8
513 684 2
176 939 6
82 829 2
240 47 4
411 432 4
603 327 5
185 50 4
683 303 8
488 233 8
998 236 7
274 646 5
743 554 5
370 474 2
906 441 3
600 818 6
508 914 5
723 313 8
120 790 7
557 981 10
225 462 4
108 600 6
96 902 3
576 686 4
4 466 4
924 272 6
719 424 9
996 377 2
64 722 2
129 569 4
119 371 9
944 337 3
785 908 9
205 536 8
992 253 5
333 934 7
844 577 3
456 136 8
731 207 4
487 21 8
291 24 4
956 42 8
239 896 9
274 470 2
812 447 7
770 440 4
948 996 9
424 187 6
34 999 8
736 99 3
588 400 5
86 596 10
691 196 8
611 877 2
618 443 5
96 759 8
73 749 9
448 696 6
570 811 8
895 395 5
981 758 5
163 582 7
647 58 8
982 133 3
702 752 4
481 555 7
748 165 4
955 428 3
576 722 7
680 133 8
297 393 10
72 799 2
80 198 4
95 165 2
383 409 7
854 238 2
76 306 10
916 918 9
78 15 3
459 149 1
552 105 10
50 994 4
915 77 2
521 525 6
892 990 10
579 412 10
215 888 4
298 908 6
89 941 8
161 913 1
874 777 4
155 876 6
684 902 2
92 240 1
911 360 3
244 545 4
585 743 7
40 769 4
88 463 8
562 995 1
361 373 3
119 603 10
49 560 1
730 851 7
679 255 10
997 790 5
866 731 2
145 410 4
732 486 9
28 183 6
94 815 6
357 893 6
627 413 9
173 666 8
512 803 4
642 925 9
799 377 1
696 627 3
405 24 3
778 210 8
802 181 8
90 621 5
772 246 7
4 903 4
519 974 8
394 492 3
737 505 4
296 496 2
703 310 10
719 591 3
17 551 4
989 103 8
1 591 9
216 189 7
271 440 2
502 422 5
403 237 9
129 377 6
205 538 1
744 447 3
895 520 7
646 817 10
78 839 1
817 55 7
471 733 7
62 520 2
264 220 5
381 672 9
497 185 6
662 156 9
94 600 5
667 357 2
582 2 9
720 410 5
811 14 8
327 688 7
508 697 3
703 238 5
203 440 4
67 775 7
260 783 5
137 160 1
618 257 3
624 540 5
511 963 6
185 80 9
639 70 8
59 500 10
570 590 3
487 482 5
412 778 10
853 55 6
329 196 7
6 518 3
500 123 6
19 454 7
88 871 2
976 631 4
430 661 4
135 178 4
308 145 5
57 748 2
496 75 2
418 432 10
281 838 5
934 595 4
780 548 1
718 402 10
294 828 4
24 146 1
271 833 5
508 529 9
212 304 4
915 88 5
864 673 5
191 175 6
180 302 10
565 864 6
742 645 1
787 472 1
390 477 6
580 462 7
90 334 9
798 383 6
582 629 2
439 475 9
594 376 3
865 718 6
241 894 8
600 19 7
711 475 3
507 871 1
126 630 10
492 207 6
158 125 8
754 944 2
409 367 4
808 989 4
546 470 4
167 267 10
186 362 3
346 923 4
515 129 3
773 443 1
994 244 5
576 315 9
487 682 8
942 578 10
813 260 5
215 561 5
102 274 2
35 718 8
316 958 6
107 489 5
387 740 5
877 852 9
706 336 5
935 204 9
254 610 7
365 324 7
256 326 3
105 585 4
606 56 7
956 740 7
379 988 10
341 640 5
939 3 4
40 696 5
488 47 10
203 347 8
730 575 2
53 790 5
626 369 6
503 406 2
961 75 8
843 64 5
43 879 2
500 494 2
122 818 2
417 450 1
167 985 10
861 767 4
644 264 10
78 315 9
728 813 3
472 333 9
628 590 2
184 40 6
794 352 3
200 772 9
963 699 5
844 932 5
807 307 5
943 236 9
48 425 8
104 427 10
901 62 5
694 405 8
797 720 3
336 861 3
556 140 5
906 449 1
847 762 7
12 855 10
220 474 8
876 215 1
655 251 4
906 701 1
299 414 7
804 892 9
222 803 7
669 628 3
494 344 5
473 453 7
180 731 7
121 955 6
845 519 9
288 928 2
577 473 1
578 345 2
561 243 6
648 793 4
124 833 5
881 969 7
843 378 6
471 232 7
88 690 8
827 209 2
930 905 9
845 832 2
103 441 9
405 946 4
503 761 1
226 211 1
750 228 6
472 834 5
723 164 8
557 578 2
824 238 3
757 933 6
782 123 10
547 993 2
998 243 9
237 58 2
644 78 2
688 120 8
747 96 7
784 513 3
153 759 6
527 637 1
309 194 8
567 393 6
172 562 3
529 149 8
607 72 8
361 679 3
199 61 2
413 537 1
579 279 8
543 355 1
221 377 1
108 878 3
437 273 4
300 852 5
301 578 4
542 134 5
315 433 8
813 731 8
292 25 5
645 963 5
351 151 9
801 341 4
744 36 7
941 338 8
615 180 2
349 657 6
927 574 10
174 420 1
91 66 1
974 537 4
46 312 6
327 952 7
309 747 5
180 806 7
517 916 10
881 901 7
159 91 9
728 955 10
881 594 2
283 852 9
485 947 2
281 419 8
530 289 3
408 443 5
307 636 9
937 230 1
444 492 6
546 669 10
833 277 7
567 350 2
458 30 2
554 933 6
674 747 10
937 384 8
724 83 9
703 226 2
932 859 1
169 782 4
522 741 8
791 780 10
65 694 5
840 329 9
585 312 9
494 902 8
300 169 9
667 434 5
610 3 10
194 572 4
151 502 2
697 281 6
795 100 7
232 724 6
833 908 5
358 742 6
166 438 4
317 18 2
637 847 3
504 341 2
318 953 1
739 332 9
708 700 7
635 903 2
841 782 4
551 517 8
628 245 2
290 667 5
407 550 2
756 365 2
978 948 8
325 579 6
1 983 6
479 150 3
930 919 2
754 642 1
173 874 7
480 937 3
991 560 4
738 59 7
799 76 3
321 800 2
549 542 1
897 740 1
266 95 7
373 917 1
131 28 2
185 305 5
660 476 2
39 137 8
199 925 9
732 989 7
376 567 9
892 735 2
393 842 4
20 586 4
757 431 6
367 95 3
609 738 8
528 650 8
325 584 3
209 159 5
140 427 7
77 662 1
705 863 4
162 36 1
152 946 7
543 338 4
288 507 10
296 480 9
329 740 5
972 507 4
910 626 6
570 235 2
740 854 7
948 393 7
722 551 1
544 748 8
296 561 3
102 894 9
808 318 3
906 426 8
796 619 7
1 177 8
438 737 8
674 715 2
204 627 9
413 299 6
155 618 2
584 742 9
204 356 8
375 280 4
898 950 8
609 573 4
439 236 1
118 657 2
980 450 7
508 667 5
825 401 4
589 653 4
4 301 8
786 940 8
319 432 3
4 992 7
277 778 4
33 402 9
760 363 7
61 643 10
86 992 7
956 676 10
932 237 10
337 691 2
183 153 10
929 57 8
634 652 3
253 141 9
532 243 10
224 619 4
96 555 5
988 279 10
150 678 2
724 152 5
915 858 9
250 889 7
433 658 8
657 762 4
238 67 10
122 914 4
113 940 1
577 855 8
223 219 10
461 62 10
942 269 8
67 107 1
460 82 8
65 869 7
575 432 6
641 457 2
917 872 3
265 623 5
532 743 9
806 161 6
418 838 9
286 107 9
604 928 5
402 524 8
436 189 8
490 934 1
813 753 6
187 156 8
489 510 10
461 224 7
130 45 1
296 711 7
513 909 8
214 10 9
167 786 7
252 690 2
78 604 10
415 419 9
337 441 4
860 627 3
576 521 9
654 658 1
826 744 4
214 656 3
637 493 10
572 445 2
840 888 5
32 492 4
215 289 6
316 808 4
990 854 8
953 535 3
167 886 5
514 985 7
139 89 6
552 549 9
695 464 7
516 960 2
390 79 6
878 640 7
349 351 10
418 803 2
276 156 4
784 160 5
786 204 5
798 991 5
856 352 2
886 162 4
370 571 1
144 946 10
674 260 1
507 157 3
86 361 6
682 749 7
571 977 1
584 375 2
797 156 7
922 790 1
525 685 10
913 558 1
826 819 6
769 411 1
729 595 2
386 547 7
814 466 5
295 579 10
472 85 2
358 514 3
21 748 4
657 838 7
563 722 7
21 805 10
957 4 4
216 76 1
534 958 8
881 535 3
514 624 6
271 939 10
408 258 6
540 781 2
863 747 3
625 57 7
903 241 10
104 807 5
223 871 4
573 985 1
767 60 5
492 108 3
561 645 2
208 11 3
153 572 10
295 828 9
602 297 9
205 595 8
928 265 6
164 584 4
100 814 1
955 899 10
984 659 6
961 437 1
739 58 7
667 388 1
912 284 5
325 766 9
7 567 8
548 464 4
663 48 3
20 671 8
349 239 4
141 226 7
67 579 7
865 495 5
897 90 2
439 158 8
820 662 8
833 533 10
686 22 3
548 533 7
496 845 9
838 820 7
677 746 10
361 56 3
776 632 8
288 178 5
507 328 1
907 821 5
25 516 6
611 202 4
980 214 3
209 183 8
606 317 8
286 514 9
117 865 2
798 888 3
224 347 3
513 384 3
919 797 8
577 281 6
888 110 4
512 886 10
591 588 10
371 858 4
748 751 7
762 548 8
443 410 3
692 52 5
118 821 1
880 165 7
862 226 9
619 115 3
851 961 1
779 82 2
164 128 7
232 280 10
791 950 1
750 148 10
977 27 6
233 773 7
462 408 10
412 390 2
963 710 5
413 562 10
446 400 6
311 399 1
839 298 7
168 331 10
905 210 3
605 301 3
640 906 1
339 116 1
415 275 6
24 934 7
908 556 4
150 340 6
704 691 4
410 481 8
809 976 8
798 134 1
655 138 2
578 50 2
909 824 9
438 695 2
788 770 4
174 867 7
250 467 5
803 777 4
33 434 10
454 381 8
384 511 2
601 894 2
748 618 6
714 151 6
788 785 8
891 439 1
132 48 3
97 510 3
933 179 2
346 548 4
53 685 5
950 971 1
919 618 2
710 830 5
14 324 2
552 300 4
784 834 9
482 350 5
563 337 4
877 777 1
664 856 3
712 746 10
6 3 7
155 511 5
854 299 6
176 798 8
966 950 5
84 633 1
236 567 2
270 230 6
346 767 10
404 203 4
4 934 9
767 28 6
975 620 6
250 49 10
388 565 7
335 356 10
165 824 3
272 428 1
771 487 2
427 796 10
81 520 7
559 950 8
408 953 5
102 281 8
108 565 4
803 779 9
503 323 4
203 324 3
289 23 1
648 912 2
540 942 9
278 563 4
684 826 9
447 81 7
252 568 8
22 996 2
990 431 10
448 794 8
558 168 1
611 475 7
782 818 2
180 504 1
681 687 7
776 260 1
107 492 8
999 776 9
22 500 6
286 164 9
804 285 2
512 797 6
174 11 8
957 218 2
0 703 4
789 584 3
829 619 2
968 442 7
986 794 4
415 337 2
270 826 9
540 545 8
405 191 3
318 811 4
192 14 8
92 205 6
7 443 7
98 556 8
941 921 10
284 796 5
280 947 1
998 401 7
539 354 5
800 996 10
274 807 5
274 529 4
235 483 6
728 98 7
155 685 5
221 865 5
511 764 9
331 675 9
261 978 5
133 197 3
512 314 7
53 767 8
544 567 5
27 679 1
149 428 8
918 942 2
6 806 7
174 592 10
919 515 4
209 978 10
13 127 7
508 588 7
145 132 6
766 12 3
690 76 6
88 51 5
804 877 1
165 402 4
48 310 10
931 451 1
528 169 8
23 717 4
472 185 3
42 969 9
678 264 7
635 25 10
236 899 3
145 183 6
290 479 5
329 565 1
725 332 8
434 807 10
934 529 7
919 578 8
307 123 6
134 142 8
690 968 8
526 231 2
147 765 10
190 893 1
63 915 2
56 667 8
843 275 4
53 762 8
498 124 10
232 852 9
17 983 3
620 531 2
341 678 5
222 115 8
794 50 5
642 595 6
832 56 3
494 378 2
175 797 9
280 310 6
414 882 10
260 989 1
978 506 5
150 518 6
396 658 5
766 526 8
391 495 2
749 521 4
109 299 2
950 117 8
78 31 3
17 610 3
496 410 4
979 835 8
781 885 10
65 540 3
418 893 8
283 863 10
275 789 2
5 686 4
399 346 5
463 208 4
696 976 1
100 337 9
788 168 2
10 955 9
961 612 10
760 397 9
224 653 4
256 967 8
672 271 8
136 74 3
712 52 10
64 556 6
585 310 1
425 299 2
497 738 3
774 10 3
567 598 7
536 845 10
735 828 4
655 588 7
541 207 5
184 461 1
868 56 8
769 332 7
697 664 6
148 241 7
972 710 10
470 850 7
747 218 10
561 574 4
358 945 9
454 318 6
748 741 9
426 126 6
149 799 7
415 981 10
226 385 5
224 773 9
115 850 1
889 88 9
521 354 5
405 674 3
990 450 6
298 991 3
716 396 9
173 216 1
148 649 5
227 701 5
953 679 10
353 607 9
761 505 2
101 596 1
403 471 5
320 53 4
378 828 5
828 72 9
554 34 2
955 311 9
338 1 9
535 737 2
597 303 8
556 925 6
400 639 2
625 457 2
24 544 10
124 177 1
19 528 1
111 726 5
833 580 7
551 144 7
134 805 5
677 161 8
181 299 2
573 625 4
197 609 4
319 132 10
728 182 4
70 355 2
225 252 10
922 467 9
178 75 7
346 917 9
296 389 7
70 472 4
366 779 5
188 750 8
893 859 5
456 802 7
76 64 6
778 219 9
238 946 7
880 279 4
775 182 7
427 647 5
668 694 9
20 741 1
1 53 9
268 741 1
140 31 4
6 841 6
98 232 5
919 9 4
76 344 4
785 134 8
704 950 4
714 141 4
594 68 2
827 423 1
210 458 2
497 744 7
157 62 2
176 320 9
917 25 7
736 401 2
702 925 2
195 37 1
696 439 6
209 170 6
9 858 2
642 549 7
787 678 1
245 761 1
885 726 2
381 689 7
683 149 1
497 648 3
428 484 7
331 742 9
369 417 10
783 869 7
923 862 9
929 43 9
297 475 9
23 828 4
722 192 3
375 324 10
15 710 1
73 552 8
215 975 9
730 323 1
395 675 4
609 817 1
980 173 3
336 984 6
270 491 1
768 57 4
689 572 3
171 23 1
462 24 5
65 479 10
323 379 7
581 367 3
76 176 4
767 693 6
140 680 2
620 883 10
477 919 1
786 485 7
708 427 2
426 192 4
790 336 10
521 134 1
708 348 3
884 863 1
793 225 8
440 549 9
155 129 8
909 597 2
997 384 8
631 871 8
673 183 4
751 413 2
178 757 5
723 788 4
561 524 10
238 175 7
906 190 6
940 246 10
155 958 10
880 465 10
612 209 6
283 944 10
871 883 2
181 211 7
506 361 10
758 586 2
261 125 8
351 584 9
803 449 9
219 225 4
241 728 2
646 152 5
443 286 3
134 628 7
163 594 2
203 330 10
199 12 4
256 569 2
708 79 1
862 262 1
230 80 2
342 662 2
653 960 5
791 753 10
641 693 5
466 741 1
449 422 2
278 897 2
148 149 1
289 679 5
50 544 3
535 871 9
61 254 6
833 2 8
56 878 5
62 500 1
161 342 7
621 381 3
982 96 5
114 237 10
143 805 7
391 440 8
542 335 10
953 856 8
797 550 6
730 154 3
541 998 8
377 823 4
351 122 2
851 99 6
169 782 5
438 427 2
70 689 2
187 457 7
205 28 5
789 233 7
782 525 10
666 462 7
495 361 7
796 42 2
440 221 3
554 111 10
505 621 8
507 415 2
982 467 5
175 311 10
227 368 10
4 464 8
70 419 6
455 90 4
337 749 6
378 885 7
742 512 3
459 711 5
304 988 6
505 677 2
471 349 3
137 830 3
540 580 10
619 336 2
925 697 7
615 317 4
578 232 2
473 99 7
488 632 1
835 400 8
689 570 5
300 996 2
779 843 3
877 143 5
431 164 7
302 12 5
258 214 6
265 26 10
362 484 5
970 256 8
364 824 2
893 259 2
684 56 10
698 717 1
755 648 8
677 362 5
817 575 8
380 560 3
727 912 3
481 998 8
363 967 10
875 985 8
534 442 6
618 913 4
398 736 3
666 762 5
947 366 2
658 366 9
295 814 3
106 433 4
664 717 1
346 931 6
155 428 9
196 990 9
97 751 5
805 981 8
38 92 8
849 667 4
815 233 10
778 484 7
906 92 8
870 655 3
406 290 7
551 741 10
752 715 10
974 389 4
731 85 7
682 621 6
999 962 4
223 575 4
181 232 10
258 313 3
136 982 4
54 609 4
567 449 10
939 999 1
99 746 4
398 829 8
871 298 2
583 240 2
840 914 8
955 506 4
503 515 4
200 102 8
21 938 9
749 256 2
37 766 9
506 436 6
504 750 9
624 900 9
353 408 8
62 758 8
609 899 10
279 323 8
75 826 3
858 749 9
367 731 6
320 918 8
431 647 3
948 935 3
836 55 2
306 634 5
886 192 9
871 201 6
790 917 10
59 138 5
354 91 10
917 811 4
644 850 5
974 411 9
997 705 4
682 127 1
899 857 5
617 138 10
254 998 5
993 173 7
419 729 8
812 141 5
410 403 7
425 94 2
90 54 7
925 243 2
668 390 6
544 362 2
812 118 1
224 634 4
297 291 9
1 496 2
388 276 3
68 885 10
218 388 5
873 674 2
979 298 9
936 383 1
438 484 1
362 588 6
459 64 9
684 47 9
3 593 2
515 679 6
831 610 3
4 465 6
585 31 10
480 878 1
330 567 7
886 790 7
724 601 9
203 692 4
970 380 2
405 336 7
205 689 1
13 783 1
440 167 2
21 261 8
987 864 8
830 22 5
470 168 10
126 142 6
83 537 5
432 578 8
356 82 5
454 45 7
41 424 5
754 220 1
0 744 3
598 72 4
321 536 5
705 916 5
857 291 3
606 469 3
807 25 6
610 977 3
584 88 1
357 467 9
928 920 1
691 658 8
970 23 4
280 185 5
723 32 2
224 567 9
397 711 4
515 414 2
408 278 8
290 877 4
790 358 8
228 374 2
259 162 10
882 196 8
180 109 6
868 413 10
869 984 4
971 207 8
612 392 4
482 794 7
767 374 1
190 392 9
24 644 5
920 274 4
276 480 8
96 21 4
382 650 4
54 959 8
194 423 10
486 692 10
26 56 3
52 869 1
437 544 5
9 430 6
248 39 10
313 680 4
0 640 8
670 475 3
537 863 7
26 36 4
280 692 10
244 553 2
72 599 1
431 801 10
792 719 2
73 250 5
785 194 10
71 409 4
251 252 5
471 666 4
246 876 10
524 169 3
65 195 5
400 378 2
174 162 4
96 889 9
425 64 7
417 349 8
172 224 9
230 810 2
783 198 1
619 212 3
801 420 10
685 730 7
811 539 1
550 927 6
734 769 9
199 622 5
742 557 6
206 426 3
249 543 5
343 172 10
954 385 4
728 458 9
554 158 2
776 266 6
973 579 1
663 803 8
193 753 2
91 447 5
537 881 6
231 984 3
911 696 1
0 981 4
259 242 2
355 854 7
679 103 1
693 258 10
894 908 2
882 630 6
688 650 6
779 336 10
428 387 9
165 381 5
57 130 8
189 16 7
224 61 7
772 977 6
921 26 10
708 807 3
91 218 3
879 634 7
425 67 9
862 243 7
241 392 1
969 130 6
303 582 10
37 709 7
639 459 1
255 796 1
185 561 3
443 956 1
52 627 8
327 701 3
995 305 6
34 323 10
561 968 6
84 825 4
494 405 7
953 735 10
646 705 10
894 332 7
678 412 3
410 376 10
522 842 4
991 987 4
623 766 2
416 474 1
639 338 3
417 551 4
581 790 4
214 688 2
392 787 7
988 350 2
254 919 2
546 269 1
121 909 1
451 294 7
21 973 6
808 519 4
113 195 2
350 959 1
148 355 2
195 90 10
366 863 2
43 444 3
118 762 8
838 374 3
910 848 8
775 837 4
696 770 10
320 556 5
573 57 8
202 444 10
882 978 9
205 980 7
768 893 10
694 946 4
663 666 5
465 883 4
853 398 10
560 470 1
702 56 2
727 860 5
356 477 3
616 170 4
635 160 4
408 805 2
438 299 7
3 290 5
934 997 2
655 236 9
121 582 2
209 593 6
495 604 5
24 678 1
933 775 3
808 306 9
292 465 3
296 466 6
671 647 9
632 216 3
112 234 8
175 223 9
935 561 1
48 154 10
424 191 6
98 616 2
976 203 7
806 863 5
820 156 3
245 480 9
500 53 8
742 826 6
7 997 6
933 360 2
537 308 8
888 34 6
797 297 6
331 561 10
628 136 9
788 641 8
48 786 6
924 791 6
201 249 8
345 991 5
77 193 1
53 499 1
828 672 2
937 970 8
400 880 5
940 860 8
583 561 8
842 781 1
298 631 6
298 931 5
865 230 2
782 626 10
180 24 4
971 568 9
327 966 10
411 325 9
730 191 10
903 694 4
601 188 7
509 526 9
942 865 1
51 943 9
300 763 2
424 859 10
303 950 7
616 372 10
840 615 10
138 896 3
173 746 8
917 148 10
293 327 4
933 332 8
987 526 1
7 191 10
119 566 9
587 289 2
992 396 10
350 367 9
979 345 6
114 232 3
811 15 7
268 300 2
517 266 6
112 135 7
650 177 8
686 729 2
544 714 5
937 536 6
134 159 4
956 815 9
17 117 9
979 743 5
110 872 8
212 229 6
240 703 2
619 511 5
429 444 1
994 913 3
956 356 4
65 771 8
314 479 3
428 720 8
698 101 5
999 820 7
579 909 9
626 765 2
531 381 3
864 427 1
335 416 6
242 96 7
551 379 5
492 613 1
598 957 2
409 669 10
585 314 3
352 22 2
637 222 8
29 406 2
56 940 4
891 444 10
3 809 9
991 744 6
87 605 6
627 537 10
10 206 5
910 959 9
82 355 2
15 364 9
876 781 3
534 790 3
254 579 7
558 805 5
819 167 3
831 534 1
628 510 2
365 939 2
900 172 8
969 176 10
674 738 10
982 284 6
304 34 4
925 42 5
494 308 6
812 792 2
687 46 6
134 691 3
864 467 2
788 930 4
195 227 8
590 580 4
371 792 5
366 669 1
565 920 1
605 389 10
591 193 1
578 439 9
640 206 6
900 928 2
558 620 5
910 893 8
439 904 8
607 989 4
905 664 10
76 267 5
436 692 8
49 474 9
303 223 2
489 893 2
791 38 7
225 102 8
506 303 8
88 247 1
368 708 8
849 985 2
629 24 3
846 782 8
979 28 9
791 27 9
774 911 10
431 345 3
78 347 10
500 838 8
492 649 6
246 463 3
49 400 10
82 418 8
189 179 8
235 46 5
738 509 9
994 445 3
888 397 6
405 910 4
427 566 2
42 12 7
633 383 7
831 384 9
121 938 9
549 977 8
582 971 6
407 279 3
171 143 4
645 449 9
365 425 3
787 521 8
700 483 10
419 810 1
472 114 6
549 665 5
645 557 4
951 95 7
287 412 6
318 933 4
356 603 1
450 449 9
552 475 10
479 527 7
971 349 10
488 851 2
422 384 6
114 498 3
733 631 6
195 889 6
299 635 2
576 379 3
331 373 6
507 493 8
939 276 6
44 713 6
342 247 8
753 798 9
438 103 4
61 643 4
577 868 10
506 743 8
113 277 9
578 77 10
662 899 7
416 608 4
523 174 10
182 959 5
450 709 8
443 636 2
215 892 3
371 666 5
991 439 3
750 352 7
483 347 4
756 856 4
141 268 5
166 652 6
300 693 10
203 686 7
965 56 10
373 720 7
259 105 5
258 624 9
651 207 5
853 725 7
345 939 8
502 242 9
79 205 9
640 886 3
370 694 3
581 759 1
183 344 4
675 650 8
849 93 1
633 296 4
683 32 3
802 264 3
41 66 5
237 451 6
85 918 7
302 862 6
443 557 3
804 453 7
116 651 8
427 471 1
904 165 10
850 37 8
221 48 8
502 328 9
869 948 9
395 519 6
734 3 3
979 127 7
582 84 2
488 474 4
216 635 10
508 616 6
568 512 2
801 519 9
671 377 8
885 380 9
664 877 5
620 598 8
376 447 10
317 903 10
858 111 1
660 526 4
839 117 2
206 877 3
670 87 4
998 601 3
851 990 2
637 529 5
277 649 3
28 362 4
687 98 1
429 819 6
644 372 4
469 988 10
343 813 5
636 957 7
427 762 8
221 265 3
868 166 2
417 361 4
350 168 3
438 740 8
357 698 9
829 138 5
837 727 6
665 275 3
68 775 2
86 548 1
417 80 2
174 612 4
673 853 7
203 434 1
766 597 4
639 219 10
62 655 5
305 851 3
976 859 4
740 477 6
335 520 3
115 601 4
747 622 2
808 892 5
828 193 10
631 455 10
643 677 4
361 489 1
278 728 8
637 789 8
948 380 4
181 543 3
395 883 1
587 291 1
15 104 8
120 281 8
527 170 2
332 271 10
411 396 2
579 779 9
272 27 2
918 779 5
52 242 10
503 421 7
333 671 4
106 367 6
706 45 5
295 98 9
948 618 4
301 639 8
177 306 3
324 716 4
917 745 7
901 722 9
608 71 3
163 841 7
263 172 9
183 592 2
672 835 9
530 158 9
622 764 4
237 470 6
156 620 3
264 694 4
919 951 10
837 768 7
671 536 9
178 759 8
937 126 7
516 378 8
30 683 4
922 218 1
376 768 3
89 285 7
307 479 4
10 862 2
953 360 6
501 226 10
451 993 10
903 264 3
914 112 1
205 217 4
159 566 7
496 270 7
43 846 3
744 577 7
135 788 10
802 744 5
735 496 5
905 293 7
859 128 10
416 800 9
141 45 10
74 50 10
600 657 3
498 974 10
205 667 8
917 545 1
285 327 4
785 86 5
858 892 4
601 380 7
0 164 5
221 827 10
603 848 10
620 879 4
668 823 8
33 977 3
412 616 4
406 387 3
719 925 3
464 647 1
306 922 7
511 636 9
103 206 1
7 834 8
740 342 8
6 266 5
724 569 7
902 143 6
526 835 3
750 77 6
160 452 4
404 144 2
263 151 5
94 914 5
163 379 2
142 255 2
923 202 6
52 515 9
835 267 3
132 384 3
651 101 10
454 28 9
576 595 8
816 328 4
824 957 1
270 248 2
701 783 5
244 892 9
264 45 10
345 483 4
609 210 8
991 796 5
816 917 2
659 969 7
494 470 7
812 102 10
280 142 2
970 27 3
553 194 6
879 478 4
980 231 2
12 202 5
767 408 1
181 938 7
439 440 4
614 173 9
512 200 8
151 243 6
643 256 8
300 781 6
597 38 8
618 480 9
764 421 4
447 777 9
221 876 9
6 404 8
403 223 7
991 228 3
845 613 6
938 103 7
431 721 5
6 850 1
349 382 1
761 19 1
646 517 2
749 323 2
70 666 6
819 980 2
273 540 6
710 702 6
953 554 6
50 106 3
662 199 6
78 391 9
11 270 3
479 562 1
984 197 4
782 5 1
613 684 7
488 823 2
922 33 2
302 466 4
144 818 5
241 184 4
873 975 8
478 734 9
12 659 3
604 595 10
392 195 10
274 486 7
72 579 7
647 271 8
877 958 7
232 582 6
790 616 4
369 767 9
353 519 9
816 86 6
598 30 3
152 665 4
165 474 8
951 425 1
682 630 9
146 326 9
264 743 9
449 929 4
457 723 9
382 764 6
926 57 4
994 350 4
13 482 3
974 215 4
340 506 2
928 535 7
511 405 6
628 821 7
366 144 2
681 176 8
409 842 1
30 144 4
242 206 4
163 226 2
252 286 8
167 614 3
438 281 9
900 873 4
983 865 9
204 412 8
948 581 4
664 358 7
32 454 8
103 362 1
7 260 1
721 214 9
535 353 10
972 447 3
206 475 3
544 410 9
541 196 4
374 52 9
38 865 3
502 790 4
395 350 3
357 541 3
604 573 7
478 454 5
526 897 8
606 740 9
392 651 5
154 419 9
697 632 1
904 568 8
702 867 1
599 724 9
10 371 5
742 570 4
351 902 9
695 656 8
198 815 3
14 735 10
485 85 6
418 936 9
784 86 1
565 305 2
427 695 3
249 841 8
684 343 5
884 280 8
140 608 4
831 248 7
746 51 8
259 758 1
947 673 10
902 295 7
133 565 6
625 72 3
800 824 1
123 277 8
99 307 2
766 919 6
818 509 8
86 930 7
566 606 7
661 742 1
352 46 7
113 337 2
944 956 3
81 981 4
371 840 6
571 598 7
150 734 1
394 764 3
222 970 7
969 263 7
459 305 7
780 803 2
78 863 3
369 320 2
709 157 8
677 894 10
405 400 2
635 438 1
900 205 9
874 542 1
561 357 8
933 382 7
566 706 5
989 154 10
138 110 9
851 535 4
935 135 6
53 980 3
1 306 1
177 675 9
613 746 4
721 686 7
236 923 4
646 227 7
314 214 5
418 173 1
54 988 2
365 537 7
571 416 10
93 510 5
444 312 4
145 343 1
573 813 4
522 397 10
851 320 9
934 597 4
150 222 7
524 445 8
390 369 1
504 969 8
712 62 9
470 752 6
52 896 8
809 951 6
522 953 4
38 287 8
447 19 7
403 129 2
281 289 6
368 877 5
703 701 6
687 584 2
387 360 7
866 278 6
485 118 8
121 48 2
492 572 10
783 133 3
980 981 4
273 627 3
232 692 6
163 354 2
931 699 5
663 325 1
913 204 4
642 513 10
110 277 10
619 157 4
251 175 10
501 375 10
843 62 8
128 660 6
962 705 5
498 96 6
505 807 3
20 822 8
916 511 1
503 596 5
922 107 2
894 269 6
618 381 9
380 167 7
770 27 6
195 726 3
994 371 7
922 783 8
576 435 3
438 676 8
968 380 5
827 632 8
674 552 3
475 689 10
307 67 1
575 547 10
302 159 9
671 876 8
771 956 4
992 245 3
748 627 3
606 900 10
152 475 7
163 235 4
439 595 9
65 883 5
693 876 6
180 114 6
123 125 2
452 550 9
298 207 3
381 861 1
449 787 6
953 825 10
801 775 2
387 199 6
765 984 1
987 657 1
800 623 10
365 848 7
41 143 3
522 322 2
341 385 7
802 476 4
339 985 2
390 567 2
351 699 9
462 902 9
963 961 10
611 696 5
576 599 1
184 787 10
848 742 9
786 334 5
625 294 5
67 619 7
656 644 3
599 954 4
5 34 2
584 610 9
398 175 8
787 996 4
527 558 9
892 285 5
758 621 8
23 961 3
496 139 9
59 872 9
13 496 9
386 892 2
847 25 8
713 2 2
996 925 1
896 294 5
149 446 4
344 316 10
476 275 5
24 920 3
752 872 8
804 486 10
452 371 9
626 229 4
284 490 9
959 777 2
638 337 7
546 158 5
738 165 7
633 436 5
136 661 4
573 982 2
608 374 3
968 477 2
710 665 3
574 876 3
527 951 3
920 656 7
990 815 3
348 527 10
3 29 2
87 677 6
844 366 1
179 733 2
77 60 10
696 756 5
293 848 9
613 412 9
932 825 7
978 539 8
959 875 2
996 850 5
858 372 8
868 616 5
270 811 10
141 936 8
578 345 2
983 458 4
290 1 10
196 993 2
991 956 4
472 425 1
476 786 6
903 866 10
911 934 2
457 589 8
256 158 10
121 306 4
750 775 7
164 131 9
389 628 1
365 161 7
95 808 9
731 604 10
248 982 5
884 206 7
693 364 7
878 264 2
783 118 4
243 608 1
551 404 6
442 503 3
466 437 4
493 895 6
89 790 2
747 319 2
292 684 3
778 340 8
127 440 5
374 97 8
305 841 7
554 611 10
452 365 4
781 926 10
96 40 8
58 50 4
776 772 9
624 447 3
223 155 7
752 90 6
192 425 8
196 634 5
270 928 3
717 722 9
871 546 7
748 375 2
133 878 6
207 364 5
842 38 1
185 154 5
39 195 5
41 15 2
777 141 5
22 523 8
657 605 8
81 164 9
745 775 8
108 520 2
12 474 4
909 525 9
702 99 9
55 716 7
853 687 7
481 904 2
181 582 9
12 88 3
175 506 2
625 298 1
375 173 4
288 719 2
112 732 1
359 295 6
937 129 3
102 360 5
847 911 8
792 790 1
400 413 5
668 204 2
693 800 2
241 994 1
154 190 6
443 655 6
705 401 10
513 812 1
983 686 1
825 987 4
886 102 8
130 133 4
670 341 5
637 455 5
832 409 1
528 0 8
300 846 10
262 174 5
949 461 3
926 116 8
6 571 6
720 619 7
551 852 10
144 351 4
127 406 8
341 754 8
965 325 2
850 870 1
141 316 2
20 362 2
306 421 4
179 450 2
446 894 5
297 230 9
582 64 10
206 630 1
768 214 1
432 874 3
305 677 6
295 156 8
213 700 10
527 171 1
903 220 6
589 741 8
612 236 8
687 863 4
965 502 4
321 935 9
124 677 2
55 34 2
330 631 10
667 698 6
827 223 3
358 146 10
634 730 8
28 364 7
277 257 10
435 770 10
620 593 7
892 899 3
544 669 4
699 883 6
468 975 7
698 1 1
964 665 5
557 9 5
939 884 4
682 786 7
983 196 1
837 312 10
218 396 4
16 753 7
758 987 9
68 46 10
255 197 5
486 49 7
679 535 9
985 412 7
607 635 5
908 89 2
979 867 10
679 862 8
714 146 7
821 839 3
977 678 7
986 306 1
925 976 5
392 637 1
429 779 8
990 893 9
272 780 5
315 10 1
886 728 8
878 312 9
808 143 8
832 383 8
575 818 8
22 560 7
280 678 9
337 35 8
349 268 10
166 541 6
818 321 6
695 97 2
951 207 5
349 386 10
978 931 8
121 374 5
251 18 5
885 787 10
898 902 6
468 23 2
60 734 2
816 813 3
224 370 10
687 23 3
810 917 9
943 438 4
899 338 10
329 847 1
721 103 8
123 45 5
598 636 5
337 254 6
683 10 6
626 52 9
468 995 8
609 233 7
634 109 10
384 57 5
434 658 4
383 365 10
477 457 1
927 396 1
939 56 4
80 711 3
515 876 9
340 42 8
221 579 6
642 317 7
228 873 4
920 360 9
513 226 1
253 663 6
972 984 8
400 307 4
424 154 2
711 686 6
3 519 1
258 771 3
210 837 9
794 13 4
728 875 3
132 392 7
489 291 6
572 140 10
724 599 6
395 604 8
458 838 5
473 522 9
505 662 5
549 255 1
796 398 6
992 371 6
483 15 1
955 465 3
290 509 6
224 129 5
181 529 8
338 926 8
800 150 10
61 566 4
962 711 9
398 854 2
475 409 7
628 280 6
135 644 7
236 210 2
744 418 9
423 567 1
753 755 7
212 493 9
875 133 9
579 801 7
346 944 4
400 650 4
53 584 7
360 277 8
385 312 3
563 930 6
612 648 6
254 559 2
473 94 9
790 45 7
852 201 6
91 185 7
995 651 10
146 444 7
196 175 9
215 330 5
144 742 2
694 928 9
287 561 1
544 142 5
982 922 1
281 315 9
789 13 6
418 609 7
405 101 3
956 520 9
685 557 7
703 633 7
718 789 10
166 488 7
930 312 3
933 983 6
791 206 4
283 594 3
456 350 7
798 546 8
487 679 5
126 87 8
809 43 10
857 393 9
298 451 9
754 25 2
352 364 1
551 171 3
24 35 4
752 406 10
802 415 8
16 468 9
592 513 7
250 510 1
172 828 4
964 374 1
35 448 10
15 590 9
764 138 7
677 658 4
271 48 1
278 880 8
112 532 9
258 722 10
466 927 8
717 8 9
821 321 7
24 876 1
536 9 3
227 84 6
806 794 7
530 605 3
362 432 2
624 120 1
466 54 7
632 424 10
172 743 6
135 61 3
184 465 10
484 649 1
851 457 5
33 364 10
873 963 1
47 299 5
776 312 7
962 892 1
434 756 2
459 651 6
436 719 3
393 973 1
669 525 2
602 654 10
961 273 7
80 622 1
731 66 3
740 782 4
50 219 1
892 603 10
784 11 4
79 84 6
759 678 7
190 548 5
459 633 3
919 882 10
464 360 3
454 563 6
793 621 3
542 393 4
373 904 10
945 901 2
366 851 1
293 681 9
439 480 4
905 914 2
535 486 4
105 715 9
861 189 6
274 492 10
358 725 3
225 535 3
390 594 7
173 578 1
867 954 9
372 483 1
255 692 8
853 415 3
187 659 5
409 241 9
321 312 8
535 51 4
368 481 3
886 179 2
802 470 7
294 165 9
837 926 9
762 453 1
773 929 3
388 330 8
644 67 1
711 199 1
951 520 4
212 605 9
598 839 8
128 615 7
72 188 2
179 796 2
743 739 2
889 951 9
644 172 2
447 76 8
579 378 5
652 144 6
748 750 6
191 218 7
625 510 4
544 218 4
581 756 4
857 223 5
779 573 4
732 567 1
123 119 3
203 550 9
423 313 7
178 908 7
603 720 9
329 603 3
566 206 1
543 435 7
379 985 2
741 242 7
742 230 6
319 943 7
120 947 5
492 146 7
597 793 4
431 53 3
123 178 10
164 886 3
629 912 8
427 508 9
439 51 6
163 288 6
535 688 3
990 505 4
90 166 2
834 873 9
613 755 2
760 570 1
951 30 5
585 328 5
16 961 2
370 780 4
477 574 10
892 278 2
627 262 1
222 203 2
343 206 5
258 843 9
666 309 9
370 446 7
201 212 3
349 823 9
859 401 2
499 197 7
210 127 1
61 104 5
591 444 1
671 680 3
307 292 4
199 772 10
909 912 5
739 733 4
483 116 3
739 995 3
204 626 4
348 614 8
133 174 2
171 659 3
650 646 10
906 765 5
656 926 10
879 177 6
598 693 3
367 669 8
563 704 2
917 360 4
743 340 9
518 998 3
106 118 2
772 824 4
751 606 7
671 212 3
32 612 3
569 333 7
167 40 6
926 332 3
18 254 5
443 26 3
616 220 9
124 61 3
773 489 2
937 993 7
843 87 10
102 655 2
516 4 7
315 153 3
846 85 2
866 363 4
105 906 8
670 876 5
501 932 4
449 919 6
806 664 9
776 163 9
752 317 3
783 828 1
752 777 2
978 336 5
175 654 10
758 79 1
912 434 2
621 942 6
486 165 2
641 655 1
790 167 10
493 376 7
719 711 9
173 433 5
652 693 10
522 532 1
507 814 6
905 942 9
676 610 7
686 811 2
220 72 6
495 518 3
526 511 4
759 943 10
795 532 8
972 868 6
320 359 10
277 256 3
288 823 8
226 150 3
155 335 4
648 116 8
707 949 2
69 479 7
568 429 9
488 306 9
799 634 9
131 218 7
69 710 1
920 794 8
614 439 6
141 61 5
447 153 1
964 740 1
805 322 2
346 376 2
484 376 1
734 915 2
565 574 4
988 297 3
124 365 6
904 988 3
523 297 3
762 638 8
717 489 4
628 72 5
828 324 10
5 782 10
449 855 10
151 51 1
345 693 7
8 588 5
301 601 6
67 911 7
403 423 6
55 865 2
511 673 6
971 770 9
83 771 1
592 933 6
77 696 5
129 456 7
873 696 3
119 914 9
502 284 7
275 109 6
615 997 6
491 676 6
14 347 4
675 706 5
393 23 9
647 569 4
74 29 6
822 458 9
771 149 4
844 258 9
300 661 1
116 57 1
608 48 9
35 188 8
789 313 3
38 857 7
458 320 5
103 829 9
350 784 7
213 17 3
691 18 5
671 838 10
866 904 5
190 492 9
7 989 1
537 105 1
667 66 9
588 138 7
540 979 6
130 208 1
983 470 3
365 470 3
488 900 9
331 914 8
6 129 1
86 925 6
765 445 6
191 490 2
537 54 8
386 55 6
26 744 8
312 951 5
513 649 8
604 261 10
97 525 5
392 129 8
298 182 8
254 741 5
497 886 3
499 711 6
307 488 3
170 453 3
424 264 4
65 210 4
261 71 5
534 411 3
48 236 5
682 765 3
637 218 9
196 975 6
819 292 7
556 444 9
150 442 3
295 173 6
987 395 2
423 926 4
719 183 4
657 889 6
122 470 3
584 513 10
686 292 6
208 24 2
788 526 8
962 144 6
678 543 8
785 208 1
580 654 3
936 595 2
811 916 4
76 53 7
305 681 6
505 220 1
105 895 5
951 752 7
846 965 1
979 514 6
507 488 4
478 173 4
17 996 10
752 611 1
629 417 9
359 288 1
545 833 3
95 923 7
432 108 6
220 604 9
927 806 9
890 515 1
63 721 6
513 329 2
999 659 4
645 624 8
436 124 9
917 1 1
243 355 5
23 954 7
977 467 6
845 879 5
837 400 6
153 262 1
421 926 7
372 419 10
863 975 10
707 552 1
714 295 3
110 149 2
352 382 8
559 600 7
656 297 3
67 868 5
782 81 3
670 992 2
249 774 10
776 755 1
155 739 10
16 56 7
193 857 7
345 353 3
333 105 6
736 694 5
840 371 3
571 146 2
126 642 9
35 261 4
703 721 1
133 358 1
412 371 1
937 793 6
964 747 6
534 645 10
151 975 6
973 396 8
755 120 2
241 301 10
309 962 4
784 377 4
834 69 1
908 72 9
611 22 6
979 818 1
281 437 9
880 878 4
675 343 7
209 688 7
715 804 2
147 179 8
148 897 8
683 646 6
900 156 10
729 286 4
706 960 9
629 35 9
384 904 1
105 415 1
644 303 4
630 899 7
364 991 3
35 139 6
900 922 9
766 280 2
908 169 8
926 62 6
719 214 9
377 634 5
58 710 4
599 269 5
993 504 4
497 113 4
607 365 7
782 454 10
811 418 10
729 323 7
617 745 4
682 685 5
132 610 3
547 142 10
776 110 9
20 621 7
169 548 9
243 299 9
477 289 4
665 632 7
883 7 10
557 605 6
225 702 1
424 717 5
284 325 10
626 318 1
366 11 2
35 4 3
542 932 8
346 285 4
358 690 2
75 247 8
408 913 10
17 861 5
61 821 5
179 248 6
141 836 4
972 420 2
676 291 4
526 450 5
451 878 8
405 263 5
932 384 1
188 494 1
77 246 7
586 855 6
884 185 4
663 84 4
398 907 2
21 667 2
185 853 7
964 459 2
651 243 6
717 553 1
688 335 1
117 31 6
779 633 9
923 26 9
954 360 4
83 949 6
550 557 9
695 209 7
636 642 7
359 404 7
511 133 10
785 144 1
824 256 4
417 314 7
335 305 10
620 888 6
21 35 2
906 985 7
80 557 7
133 210 5
815 750 1
571 62 10
891 935 10
705 519 1
91 97 3
264 261 5
799 95 3
349 784 8
611 570 6
463 619 9
494 414 7
272 499 7
281 352 5
330 713 6
893 831 9
516 947 6
155 18 1
844 201 1
904 633 7
795 467 4
571 381 2
72 696 9
792 982 1
940 999 1
960 476 2
348 31 6
714 957 2
693 94 2
805 792 1
748 534 1
758 636 9
291 296 9
925 839 3
691 31 8
360 329 7
853 609 4
25 465 6
915 539 6
271 623 7
47 176 3
375 278 2
790 332 7
344 701 4
347 54 3
120 548 6
165 208 3
438 113 2
835 198 2
805 630 3
524 486 3
56 892 1
593 901 6
502 495 10
352 159 3
527 607 10
832 950 10
120 267 3
153 531 7
746 619 1
436 709 7
50 807 8
874 957 7
224 702 1
348 358 3
371 16 5
511 486 4
682 848 7
673 130 5
546 863 2
573 898 2
771 429 10
63 101 7
242 285 4
996 938 5
205 508 8
721 207 6
985 369 6
800 911 3
969 494 8
305 957 1
357 326 4
615 518 2
66 898 3
973 875 6
763 43 7
709 661 2
655 77 8
879 65 4
629 443 6
411 425 6
211 247 3
859 127 5
134 740 3
566 107 1
851 279 1
12 839 5
12 668 6
315 414 5
924 712 1
385 517 3
466 669 1
448 647 8
278 389 8
208 885 5
760 137 3
101 697 9
561 208 2
630 538 5
816 89 3
793 994 9
299 720 3
813 726 7
222 217 3
576 814 6
107 416 10
788 595 5
845 358 7
890 959 6
405 355 3
206 789 7
914 176 4
543 335 5
562 533 5
361 385 5
14 738 2
526 131 4
483 285 4
175 238 1
108 79 9
460 925 9
410 590 9
689 879 6
596 536 1
785 173 7
733 524 10
776 427 9
843 472 9
262 236 5
305 923 5
270 186 3
785 665 6
530 566 10
95 267 6
34 732 10
141 728 3
508 27 7
989 480 5
73 511 10
391 524 4
634 745 5
492 574 2
480 452 9
843 892 1
16 320 1
498 841 6
295 559 2
919 783 8
364 18 3
115 569 3
248 433 7
528 597 6
742 430 2
104 180 2
718 804 4
582 899 10
308 297 2
524 662 2
489 683 10
297 565 7
331 513 6
968 322 5
237 876 1
215 773 9
897 847 4
58 44 5
11 131 4
29 80 1
639 351 3
526 791 5
216 371 6
415 880 1
427 790 10
681 809 7
699 84 10
917 93 8
555 391 4
46 334 7
355 252 5
755 197 7
118 371 9
224 969 10
52 540 1
76 91 10
132 636 9
915 951 2
731 560 10
450 140 3
701 934 7
999 918 2
319 569 10
222 781 7
263 234 10
953 114 7
432 411 6
136 216 2
872 735 5
664 447 4
909 895 7
483 502 4
675 463 2
209 49 3
662 525 2
559 40 8
944 138 4
32 633 7
937 784 2
195 502 8
835 690 8
140 730 9
312 813 5
815 913 3
230 131 2
173 569 7
207 425 3
842 628 4
187 749 5
461 387 3
844 214 4
318 989 10
873 769 7
601 928 10
768 242 1
357 146 10
102 757 2
130 885 6
306 748 2
102 880 9
525 285 1
652 367 8
764 548 6
426 222 10
751 415 4
907 723 7
566 527 10
69 390 9
37 930 5
804 633 1
935 972 7
546 491 1
997 515 4
879 72 10
138 693 3
671 423 1
330 821 10
568 637 1
797 157 9
976 220 4
822 883 4
244 405 5
741 923 2
924 571 7
546 532 4
14 841 10
302 745 5
130 698 9
518 372 6
127 593 2
816 539 2
231 583 7
331 322 10
675 496 10
596 999 4
878 18 1
637 466 10
806 351 10
932 637 7
451 351 9
654 441 7
290 62 10
464 572 7
925 249 10
53 543 8
940 300 7
862 722 10
70 74 1
181 909 10
442 311 3
170 173 5
418 720 1
873 636 10
35 207 2
603 770 9
25 578 3
229 534 9
820 469 6
726 849 2
10 193 10
264 772 8
338 816 6
365 732 8
389 242 2
958 516 10
41 343 6
632 51 7
924 32 5
609 990 3
799 451 5
868 805 9
718 823 4
574 347 5
822 43 8
10 644 6
976 571 4
350 898 2
429 730 7
966 981 9
138 999 3
595 175 1
754 614 5
489 268 3
867 555 10
802 922 2
430 847 3
889 904 6
505 670 2
271 256 1
989 735 10
948 744 4
544 233 8
147 385 5
824 944 8
212 274 3
357 989 8
25 814 8
617 136 1
949 179 2
39 595 8
232 734 10
227 321 3
451 241 3
154 89 2
507 797 8
483 205 8
455 137 4
664 989 8
932 832 6
776 494 3
824 13 9
758 203 6
943 249 9
890 668 4
831 998 7
495 969 10
994 210 10
457 167 10
931 929 1
512 938 5
882 800 6
525 156 9
436 377 9
537 880 10
720 999 4
86 363 9
116 298 5
331 427 10
442 805 6
72 550 7
351 525 2
435 263 2
790 269 2
469 734 3
116 541 9
603 154 1
760 170 9
574 392 4
156 845 1
520 820 8
252 597 10
823 317 10
616 804 9
725 407 10
447 148 7
943 837 6
32 31 2
467 974 1
920 840 2
697 85 6
678 408 10
90 963 4
11 98 1
370 799 1
961 241 8
208 209 9
918 610 9
727 527 1
486 407 7
451 313 2
308 508 3
442 454 4
538 261 7
133 577 1
822 265 6
377 767 1
475 286 4
157 350 2
625 887 4
555 279 6
189 142 1
389 362 3
186 109 4
256 65 8
448 103 10
29 178 5
358 350 2
356 78 8
320 443 8
626 879 9
765 920 1
328 859 10
597 347 8
355 637 5
15 321 10
558 276 10
33 810 1
305 409 1
638 854 2
479 783 4
432 78 6
193 779 2
155 384 2
978 995 1
50 821 2
33 963 4
588 476 8
19 990 6
381 536 1
603 209 4
522 959 3
205 422 6
94 95 2
266 557 4
161 636 2
934 455 10
38 281 5
136 559 4
624 562 9
518 147 8
570 542 8
921 639 4
280 70 7
412 871 1
28 763 5
814 212 8
400 953 1
350 977 1
486 833 1
33 530 7
151 254 10
930 614 5
669 363 7
393 701 9
643 828 3
213 58 4
906 994 9
953 724 5
117 451 5
559 553 7
284 271 7
163 311 2
135 886 3
265 26 8
106 636 6
748 553 5
661 613 8
149 83 7
110 519 1
579 169 5
337 557 1
545 191 5
771 229 9
475 898 7
155 685 4
560 907 3
863 967 5
121 484 3
556 519 8
741 216 5
837 571 8
451 370 10
459 224 5
76 818 8
962 450 4
879 539 9
648 940 5
767 542 6
375 153 10
860 565 6
829 531 7
858 227 1
846 966 1
800 563 10
788 649 3
883 975 9
574 954 6
278 616 5
308 558 10
90 409 8
410 781 4
546 525 8
477 530 1
601 382 6
575 770 9
692 981 10
610 51 4
952 917 3
155 385 3
375 792 9
901 918 7
872 93 6
553 123 7
467 357 8
886 766 7
537 974 10
785 654 3
214 616 6
805 261 9
315 124 8
917 581 7
275 756 10
151 150 2
742 215 5
671 650 4
709 235 5
349 340 9
950 640 7
342 171 2
836 368 2
183 217 4
799 549 6
928 815 5
489 462 5
384 110 2
465 229 7
410 283 8
585 979 9
114 139 1
872 551 9
51 558 9
211 901 6
377 770 4
763 453 5
143 525 6
822 973 4
517 230 9
230 854 7
760 267 5
236 761 7
448 650 5
950 191 7
888 778 2
716 588 8
416 569 7
705 819 5
809 23 7
904 825 6
358 945 9
487 713 8
670 773 1
651 764 3
348 764 2
770 204 7
75 0 4
724 602 3
62 188 9
230 800 2
680 219 10
501 960 7
710 920 3
996 527 3
827 353 6
386 303 1
3 664 10
369 659 6
164 581 8
664 80 3
315 578 2
406 477 10
770 303 1
331 90 8
940 968 3
515 668 8
843 380 4
370 513 5
339 184 8
382 321 8
690 592 9
747 857 9
868 182 5
730 591 2
178 258 6
886 529 4
175 225 9
734 376 8
943 516 4
695 395 10
435 512 6
595 106 6
60 94 6
300 640 7
779 999 6
609 848 1
784 327 4
848 570 10
886 411 6
599 420 5
930 296 10
948 529 5
989 895 6
517 513 6
908 220 7
696 207 9
869 954 8
704 735 5
11 111 9
146 719 5
725 206 4
289 975 6
293 114 1
291 473 10
689 199 1
450 710 1
973 488 1
297 506 1
571 181 3
847 654 10
361 305 5
302 214 6
971 343 3
53 400 7
347 801 9
579 48 10
757 997 7
513 717 2
533 844 2
362 425 3
376 264 7
184 483 7
205 208 4
190 676 3
535 113 1
23 213 7
769 479 1
632 899 6
528 77 3
407 363 7
476 423 10
319 491 3
569 57 1
806 152 7
383 568 8
788 35 10
226 903 7
740 969 8
748 314 9
681 811 4
917 548 4
17 987 2
316 809 8
765 247 4
258 812 6
208 501 3
401 46 6
118 595 5
935 196 9
818 316 8
614 987 2
802 865 1
644 434 9
514 973 10
707 979 3
98 374 10
636 380 8
672 693 8
669 795 8
813 788 6
191 299 8
772 452 6
954 41 10
494 176 8
332 348 9
65 520 1
467 271 5
18 556 4
67 218 6
620 349 3
467 493 7
529 736 6
537 130 5
568 777 5
644 345 6
903 802 6
596 275 4
335 758 2
530 971 4
952 845 4
222 1 7
527 560 9
447 641 3
765 110 4
838 982 2
79 654 4
766 523 8
557 674 7
337 892 7
372 213 2
932 93 1
420 228 6
615 579 1
996 151 6
505 136 9
162 363 8
849 170 4
271 994 10
405 987 10
369 248 1
936 37 3
517 189 8
22 347 3
774 918 2
993 979 7
